    -0.975     1.411    -0.806     0.812    -0.080     0.003     0.995     0.002     0.000     2.000
    -0.099    -0.197     0.252    -0.820     0.776     0.002     0.089     0.908     0.000     3.000
    -0.318    -1.537     0.516    -1.859    -0.080     0.002     0.001     0.997     0.000     3.000
    -0.975    -1.068     0.516    -0.375    -1.506     0.199     0.209     0.592     0.000     3.000
    -1.413     0.138    -0.806     1.554     1.062     0.008     0.991     0.001     0.000     2.000
    -0.099    -1.403    -0.542     0.070    -0.080     0.532     0.223     0.244     0.000     1.000
    -0.756    -0.398     1.045    -3.046    -0.650     0.000     0.000     1.000     0.000     3.000
     0.996     0.741     0.516     0.070     1.347     0.001     0.447     0.527     0.025     3.000
    -1.194     0.942    -0.013     1.554    -1.221     0.008     0.991     0.001     0.000     2.000
    -0.756     0.473    -0.013     0.812    -0.365     0.014     0.970     0.016     0.000     2.000
    -0.099    -0.264    -0.806     0.515     0.491     0.103     0.837     0.060     0.000     2.000
     0.120    -0.532     0.252    -0.227    -1.221     0.184     0.304     0.511     0.000     3.000
     1.215    -1.336    -0.013    -0.672    -0.365     0.118     0.026     0.855     0.000     3.000
    -0.537    -0.197     1.839    -0.969     0.491     0.000     0.012     0.987     0.001     3.000
     0.558     0.942     0.516     0.515     0.491     0.002     0.870     0.128     0.000     2.000
     1.215    -0.465    -1.600     0.218    -0.080     0.704     0.259     0.037     0.000     1.000
     0.339     0.808    -0.277     1.405    -0.365     0.017     0.979     0.003     0.000     2.000
     0.120    -1.671    -1.071     0.515    -1.791     0.983     0.015     0.002     0.000     1.000
    -0.537     1.411    -0.013     0.367     0.776     0.001     0.970     0.030     0.000     2.000
     0.120     0.808     1.045    -1.562     1.632     0.000     0.010     0.970     0.020     3.000
    -0.099    -0.331     0.781     0.664    -0.936     0.074     0.744     0.182     0.000     2.000
    -0.756    -0.264    -1.335     0.218    -0.080     0.230     0.741     0.029     0.000     2.000
     1.653     0.406     0.781    -0.672    -0.650     0.005     0.073     0.922     0.000     3.000
     0.996    -1.001     0.516    -1.265     0.776     0.001     0.004     0.995     0.000     3.000
    -0.318     1.478     0.252    -0.227    -0.936     0.003     0.897     0.099     0.000     2.000
    -2.509     1.747    -0.277     0.218     1.632     0.000     0.993     0.007     0.000     2.000
    -0.099     0.741    -0.542     0.960     0.776     0.006     0.984     0.010     0.000     2.000
     0.339    -1.202    -1.071    -1.117     0.206     0.198     0.051     0.751     0.000     3.000
    -1.632    -1.068    -0.806     0.812    -0.936     0.543     0.449     0.008     0.000     1.000
     1.434     0.004     0.252    -0.078    -0.080     0.034     0.288     0.677     0.000     3.000
    -1.632     1.680    -0.277     1.702     0.491     0.000     1.000     0.000     0.000     2.000
    -1.194     1.210     1.574    -1.414     0.206     0.000     0.054     0.946     0.000     3.000
     0.120     0.138     1.045     0.812     1.632     0.001     0.615     0.268     0.116     2.000
    -0.099     1.277     0.516     0.070    -0.080     0.001     0.865     0.133     0.000     2.000
    -0.318     0.674     1.045    -0.078    -0.365     0.002     0.571     0.426     0.000     2.000
     1.434    -0.063    -0.806    -1.710    -0.650     0.039     0.026     0.936     0.000     3.000
    -0.318    -0.398     0.516    -0.820     0.206     0.004     0.073     0.923     0.000     3.000
     1.215     1.344     1.310    -0.820     3.915     0.000     0.000     0.001     0.999     4.000
    -1.413     1.948     0.252    -0.672     1.062     0.000     0.829     0.171     0.000     2.000
    -0.756    -1.470     2.897    -1.562     0.206     0.000     0.000     0.999     0.000     3.000
    -0.537     0.071    -0.542    -0.375    -0.365     0.070     0.683     0.246     0.000     2.000
    -1.194     1.076    -0.542    -1.414     0.206     0.002     0.446     0.552     0.000     3.000
    -0.537     1.009     0.781    -1.265     1.062     0.000     0.077     0.921     0.001     3.000
    -0.975     0.741     0.252    -0.672    -0.080     0.003     0.554     0.444     0.000     2.000
    -0.099     1.009     0.516    -0.672     0.491     0.001     0.343     0.656     0.000     3.000
    -0.099    -1.202    -1.335     1.702    -1.221     0.912     0.087     0.000     0.000     1.000
     0.558     0.674     3.426     0.070     1.918     0.000     0.000     0.007     0.992     4.000
     0.339     1.277    -1.071     0.812     0.776     0.005     0.990     0.005     0.000     2.000
     2.529     0.942     1.045    -0.523     0.776     0.000     0.045     0.931     0.024     3.000
    -0.099     1.948    -1.600     0.664    -0.080     0.005     0.995     0.001     0.000     2.000
     0.996     1.478     1.310     0.367    -0.936     0.002     0.804     0.194     0.000     2.000
    -0.318     0.942    -1.600     0.218     1.062     0.011     0.977     0.013     0.000     2.000
    -0.756     0.205    -0.806    -0.078    -0.936     0.134     0.812     0.054     0.000     2.000
     0.339    -1.604     1.574    -0.820     0.491     0.001     0.002     0.997     0.001     3.000
    -0.537     0.205     0.252    -0.523    -0.650     0.019     0.456     0.525     0.000     3.000
    -0.756     1.009     0.781    -1.562    -0.936     0.001     0.092     0.908     0.000     3.000
    -0.537     0.473    -2.658    -0.227    -1.221     0.606     0.392     0.002     0.000     1.000
    -2.509     0.205    -0.542     0.515    -1.506     0.055     0.941     0.004     0.000     2.000
    -0.099    -2.408     0.781    -1.117     1.632     0.001     0.001     0.997     0.002     3.000
    -0.099     0.272    -0.806     1.109     0.206     0.043     0.951     0.007     0.000     2.000
    -0.099    -0.264     0.516    -0.227    -1.506     0.111     0.387     0.502     0.000     3.000
    -0.318     0.607     0.516     0.664    -0.936     0.014     0.943     0.043     0.000     2.000
     0.558     1.411     1.310    -1.414     0.776     0.000     0.023     0.973     0.004     3.000
    -0.756     0.674    -1.600     1.702     0.491     0.019     0.981     0.000     0.000     2.000
    -1.852     0.473    -0.542     1.109    -1.791     0.058     0.941     0.001     0.000     2.000
    -1.194     1.076    -0.013     0.812     0.776     0.001     0.990     0.009     0.000     2.000
    -0.537    -0.264     0.252    -2.007    -0.936     0.003     0.011     0.987     0.000     3.000
     0.558     0.473     1.574    -2.452     0.776     0.000     0.000     0.999     0.001     3.000
    -0.099     0.339     0.516    -0.375    -0.650     0.012     0.434     0.554     0.000     3.000
     0.120     1.076    -1.864     1.702    -1.506     0.173     0.827     0.000     0.000     2.000
     0.996    -2.073    -0.542    -3.046     0.491     0.001     0.000     0.999     0.000     3.000
    -1.194    -0.063    -4.510     0.515     0.206     0.837     0.163     0.000     0.000     1.000
    -0.099     0.339    -0.013    -1.117    -0.365     0.008     0.166     0.826     0.000     3.000
     0.120    -2.073     0.252    -0.672     0.206     0.054     0.014     0.932     0.000     3.000
    -0.099     0.339    -1.335     0.070    -0.365     0.153     0.816     0.031     0.000     2.000
     1.653     0.272     0.516     0.367    -0.936     0.077     0.573     0.350     0.000     2.000
     0.120    -0.130    -0.542     0.812    -0.936     0.267     0.715     0.019     0.000     2.000
    -0.318    -0.800    -0.277    -0.227    -0.650     0.279     0.347     0.374     0.000     3.000
     1.215     1.277    -0.806     0.812     1.062     0.005     0.980     0.015     0.000     2.000
     0.339    -0.197    -0.277     0.960    -1.221     0.322     0.659     0.019     0.000     2.000
     0.339     0.540    -0.013    -0.969    -0.936     0.020     0.256     0.724     0.000     3.000
     1.215    -0.465    -1.335    -0.969    -0.080     0.318     0.123     0.559     0.000     3.000
     0.120    -0.063    -0.013    -1.414     0.491     0.002     0.032     0.966     0.000     3.000
     0.996    -0.733    -0.277     0.515    -0.650     0.518     0.355     0.127     0.000     1.000
    -0.975     1.411    -0.277    -0.078    -1.221     0.007     0.971     0.022     0.000     2.000
     0.996     0.272    -0.542     0.367    -1.221     0.289     0.657     0.055     0.000     2.000
    -0.975     0.674    -0.013     0.218    -0.650     0.012     0.944     0.044     0.000     2.000
    -1.194     0.674    -0.542     0.515     1.062     0.003     0.979     0.018     0.000     2.000
    -0.537    -2.810    -0.013     0.664    -2.077     0.990     0.005     0.005     0.000     1.000
    -0.756     0.071    -0.806     1.702    -0.936     0.126     0.873     0.001     0.000     2.000
    -0.099     0.674    -0.806     0.218    -0.080     0.030     0.934     0.036     0.000     2.000
     0.120     1.344    -0.806     0.664    -0.080     0.007     0.987     0.006     0.000     2.000
    -0.537     0.071     0.516    -0.820    -0.650     0.008     0.190     0.802     0.000     3.000
    -0.756     0.339    -0.806     1.257     1.632     0.004     0.991     0.005     0.000     2.000
     1.434     0.272     1.574    -0.672     0.491     0.000     0.017     0.977     0.006     3.000
     1.215     0.205     2.103    -1.265    -0.936     0.000     0.003     0.996     0.000     3.000
    -0.318     0.339    -0.013     0.664    -0.365     0.025     0.938     0.037     0.000     2.000
     0.339    -1.269     1.574    -1.562     1.632     0.000     0.000     0.984     0.015     3.000
     2.748     0.406    -0.277     0.515     1.062     0.033     0.601     0.360     0.006     2.000
    -0.756    -0.331    -0.542     0.515    -0.080     0.106     0.847     0.047     0.000     2.000
    -0.099     0.339    -1.071     1.702    -0.080     0.061     0.938     0.001     0.000     2.000
    -0.537     0.205     0.252     0.515     0.206     0.011     0.894     0.095     0.000     2.000
     1.215     0.004     0.516    -1.414     0.491     0.000     0.008     0.991     0.000     3.000
     1.653     0.071    -0.013    -0.672     0.206     0.013     0.094     0.893     0.000     3.000
    -0.537    -1.135    -2.129     0.664    -2.647     0.992     0.008     0.000     0.000     1.000
     1.653    -1.604    -2.129     0.515    -2.077     0.999     0.001     0.000     0.000     1.000
    -0.756     0.071    -0.013     0.070    -0.080     0.024     0.802     0.175     0.000     2.000
     0.120    -1.135    -0.542    -0.078    -2.933     0.969     0.022     0.009     0.000     1.000
    -0.756     0.339     0.781    -0.969    -1.221     0.005     0.188     0.806     0.000     3.000
    -0.099    -0.666     0.516    -0.969    -1.221     0.032     0.054     0.914     0.000     3.000
     0.558    -2.140     0.252    -0.969    -0.080     0.045     0.005     0.950     0.000     3.000
     2.748    -1.269    -1.864    -1.117    -1.791     0.979     0.001     0.020     0.000     1.000
    -0.537    -0.197    -0.013    -0.078     0.776     0.013     0.565     0.422     0.000     2.000
    -0.099    -0.264    -1.071     0.070    -0.080     0.246     0.668     0.087     0.000     2.000
     0.339     0.875    -0.542     0.812    -0.080     0.017     0.971     0.012     0.000     2.000
    -0.975    -0.197    -0.542     0.664     0.206     0.051     0.921     0.028     0.000     2.000
    -0.099    -0.733     1.045    -1.414    -0.365     0.001     0.006     0.993     0.000     3.000
    -1.413     1.210    -1.071     0.070    -0.936     0.015     0.980     0.006     0.000     2.000
     0.777    -0.599    -0.277    -1.710    -2.362     0.203     0.017     0.779     0.000     3.000
    -1.194     1.411    -0.277     1.702    -0.080     0.001     0.999     0.000     0.000     2.000
     0.777    -1.872    -1.864     1.702     0.491     0.957     0.042     0.000     0.000     1.000
     0.777     0.674     3.161    -1.117     2.203     0.000     0.000     0.022     0.978     4.000
     0.558    -0.934     0.252    -1.710     0.206     0.002     0.003     0.995     0.000     3.000
    -1.194    -1.068     0.252    -0.820    -0.936     0.076     0.117     0.808     0.000     3.000
    -0.099     0.004     0.252     0.367    -0.365     0.040     0.788     0.172     0.000     2.000
    -0.975     0.607     1.045     0.515     0.491     0.001     0.867     0.132     0.000     2.000
    -0.537    -0.599     0.252    -0.672    -0.365     0.028     0.156     0.816     0.000     3.000
     0.558    -0.130     1.045    -0.969     1.918     0.000     0.009     0.902     0.089     3.000
    -1.413     1.814    -0.013    -0.227    -0.650     0.001     0.973     0.026     0.000     2.000
     0.996    -0.934     0.781     1.554     5.627     0.000     0.000     0.000     1.000     4.000
    -0.318     0.406     0.781     0.960    -0.080     0.005     0.944     0.051     0.000     2.000
     0.996    -0.264     1.045     0.367     1.918     0.001     0.097     0.474     0.429     3.000
    -0.975     1.143     1.045    -0.672     1.062     0.000     0.310     0.686     0.004     3.000
     0.996    -0.666    -1.071     0.960    -0.080     0.600     0.382     0.017     0.000     1.000
     0.558    -0.063    -0.013     0.664    -0.936     0.176     0.751     0.073     0.000     2.000
     2.091    -2.542     2.632    -0.820    -0.080     0.000     0.000     0.999     0.001     3.000
     0.777    -1.269     0.781     0.070    -0.650     0.121     0.099     0.781     0.000     3.000
    -0.975     0.339     0.252     1.702     0.206     0.005     0.992     0.003     0.000     2.000
     1.215     0.138    -1.600    -0.523    -0.080     0.367     0.431     0.202     0.000     2.000
    -0.099     0.942     0.781    -0.672     1.062     0.000     0.210     0.786     0.004     3.000
    -2.728     0.473    -0.542    -0.969    -0.365     0.008     0.813     0.178     0.000     2.000
     0.339    -1.068    -1.335     0.515    -0.936     0.904     0.090     0.007     0.000     1.000
     0.339    -0.666    -0.542     0.515    -0.365     0.405     0.512     0.084     0.000     2.000
     0.120    -0.197    -0.542     0.070     0.491     0.068     0.688     0.244     0.000     2.000
    -0.537     1.277     0.781     0.218     0.206     0.001     0.891     0.109     0.000     2.000
     0.120    -1.537    -0.277     0.218    -0.365     0.612     0.169     0.219     0.000     1.000
    -0.756    -1.202     0.781    -0.078    -1.506     0.220     0.220     0.560     0.000     3.000
     0.339    -0.800    -0.277     0.664     0.491     0.178     0.650     0.172     0.000     2.000
     1.653     0.138     0.252     0.070     0.491     0.017     0.329     0.653     0.001     3.000
     0.339     0.607    -0.542     0.367     0.491     0.017     0.920     0.064     0.000     2.000
    -0.318    -0.934    -0.277     0.367    -0.365     0.341     0.507     0.153     0.000     2.000
    -0.756    -0.867     0.516    -1.117     0.491     0.002     0.024     0.974     0.000     3.000
    -0.318    -2.207    -0.013    -0.672     1.062     0.033     0.016     0.951     0.000     3.000
    -0.756    -0.264    -1.600     1.257    -1.791     0.711     0.289     0.000     0.000     1.000
     0.339     1.076    -0.013     0.515    -0.080     0.006     0.954     0.040     0.000     2.000
     0.120    -0.398     1.310    -0.227     2.203     0.000     0.022     0.513     0.465     3.000
     0.558     0.808     0.252    -0.672     0.491     0.002     0.265     0.733     0.000     3.000
     0.777    -1.202    -0.542     0.218     1.062     0.211     0.291     0.498     0.000     3.000
     0.339    -1.269    -0.806    -1.117    -1.506     0.657     0.028     0.314     0.000     1.000
     0.996     0.540    -0.013     1.109     0.491     0.014     0.953     0.033     0.000     2.000
    -0.318    -0.331    -0.013     1.257    -0.365     0.091     0.891     0.017     0.000     2.000
     1.215     0.607     0.252     1.702    -0.365     0.024     0.969     0.008     0.000     2.000
     0.777    -1.202     1.045    -0.820     1.062     0.001     0.005     0.992     0.003     3.000
     2.967    -0.733    -0.806    -0.227    -0.365     0.594     0.061     0.345     0.000     1.000
    -0.318     0.004    -0.542    -0.078     1.062     0.018     0.713     0.269     0.000     2.000
     0.120     1.814    -0.277     0.367     0.491     0.001     0.981     0.018     0.000     2.000
    -0.099    -0.197    -0.806     1.109    -0.080     0.149     0.841     0.009     0.000     2.000
     0.339    -1.604    -0.542     1.702    -0.650     0.867     0.130     0.003     0.000     1.000
    -0.975     0.741     0.252    -0.672    -0.080     0.003     0.554     0.444     0.000     2.000
     0.339    -1.403     2.103    -1.562     1.632     0.000     0.000     0.959     0.041     3.000
    -0.318     0.339    -0.542     0.367    -0.650     0.069     0.897     0.034     0.000     2.000
    -0.537    -0.197    -0.806    -0.672     0.491     0.047     0.454     0.499     0.000     3.000
     0.120    -1.001     0.516    -0.820     0.491     0.005     0.024     0.972     0.000     3.000
    -0.975    -0.264     1.045    -1.117    -0.365     0.001     0.041     0.958     0.000     3.000
    -0.537    -2.408    -1.335    -0.523    -0.650     0.954     0.010     0.036     0.000     1.000
     0.777     0.272     1.045    -1.562     0.776     0.000     0.005     0.994     0.001     3.000
     1.653    -0.465     1.045     0.070     0.776     0.004     0.067     0.919     0.010     3.000
    -0.318    -0.264     0.252    -2.155     0.491     0.000     0.004     0.996     0.000     3.000
     0.339    -0.934     0.252    -0.672     0.491     0.012     0.045     0.943     0.000     3.000
     0.120     2.283    -0.542     0.960     1.347     0.000     0.998     0.002     0.000     2.000
     0.777    -2.676    -0.277     0.070     0.491     0.591     0.021     0.388     0.000     1.000
    -0.537    -0.666     0.252     1.702    -0.365     0.105     0.885     0.010     0.000     2.000
    -0.537    -0.934     0.781    -1.710     0.491     0.000     0.003     0.997     0.000     3.000
    -0.537     0.138     0.516     1.257    -0.650     0.021     0.963     0.016     0.000     2.000
    -0.975    -0.532     0.781     1.109    -0.365     0.035     0.905     0.060     0.000     2.000
     0.558    -0.130     0.781    -0.078    -0.365     0.017     0.267     0.717     0.000     3.000
     0.339    -2.006    -0.277     1.257     0.491     0.733     0.213     0.054     0.000     1.000
    -0.099    -0.130    -0.277     0.515    -0.650     0.141     0.797     0.062     0.000     2.000
    -0.537    -0.063     0.252    -1.710    -0.080     0.001     0.021     0.978     0.000     3.000
     0.558     0.674    -0.013    -0.523     0.491     0.005     0.389     0.606     0.000     3.000
    -1.194    -1.403    -1.864     1.257    -0.365     0.857     0.143     0.000     0.000     1.000
    -0.537     1.277    -0.277     0.070     0.491     0.002     0.951     0.047     0.000     2.000
    -0.756    -0.398     1.045     0.812    -0.936     0.042     0.826     0.133     0.000     2.000
    -1.194     0.674     0.781    -0.672     1.632     0.000     0.245     0.744     0.011     3.000
     0.558    -1.470    -0.806     1.702    -1.506     0.955     0.044     0.000     0.000     1.000
     0.339    -0.398    -0.542     0.070    -0.365     0.261     0.537     0.202     0.000     2.000
    -0.537     0.875    -0.542    -0.078    -0.080     0.011     0.927     0.063     0.000     2.000
     1.872    -0.063     1.310    -0.227     2.203     0.000     0.004     0.192     0.805     4.000
    -0.756    -0.398    -0.277     0.515    -0.080     0.087     0.840     0.072     0.000     2.000
     0.558     0.138    -0.013     0.664    -0.365     0.066     0.853     0.081     0.000     2.000
     1.653    -0.465     1.574    -1.562    -0.650     0.000     0.001     0.999     0.000     3.000
    -0.318    -1.202    -0.806     1.257    -1.221     0.835     0.162     0.002     0.000     1.000
    -0.537     0.942     0.516     0.367    -0.936     0.006     0.942     0.052     0.000     2.000
    -0.318     0.875    -0.013     1.405     0.206     0.003     0.993     0.004     0.000     2.000
    -0.537    -0.197    -0.806    -3.046    -0.936     0.003     0.003     0.994     0.000     3.000
     0.558     0.272     0.516     0.812    -1.221     0.067     0.866     0.067     0.000     2.000
    -0.099     0.205    -0.277    -0.672     0.776     0.007     0.325     0.668     0.000     3.000
     0.339     0.473     0.516     0.515     1.062     0.002     0.773     0.221     0.004     2.000
    -0.099    -0.197     0.516     0.218    -0.936     0.072     0.632     0.296     0.000     2.000
    -0.318    -0.331    -0.542    -0.375    -0.365     0.147     0.502     0.351     0.000     2.000
    -0.537     1.612    -0.542     1.554    -0.365     0.002     0.998     0.000     0.000     2.000
     3.624     1.545    -0.013     0.812     0.491     0.009     0.869     0.119     0.003     2.000
     0.339    -0.130     0.252    -0.672     0.491     0.005     0.115     0.880     0.000     3.000
    -0.756    -0.130     0.252    -0.672     0.491     0.004     0.220     0.776     0.000     3.000
     0.558    -0.733     0.516    -0.820    -1.221     0.048     0.045     0.906     0.000     3.000
     0.120     0.741     1.310    -0.672     0.206     0.000     0.111     0.888     0.001     3.000
     0.339    -1.805    -0.542    -0.672    -1.506     0.823     0.017     0.161     0.000     1.000
     1.653    -0.264    -0.013     0.960    -1.221     0.481     0.467     0.052     0.000     1.000
    -0.318    -1.269     1.045    -0.672     0.776     0.001     0.015     0.983     0.000     3.000
     0.339     1.411     0.516    -0.375     1.347     0.000     0.488     0.500     0.013     3.000
    -0.975     0.406     1.045    -0.375     0.776     0.000     0.304     0.694     0.001     3.000
     0.339     0.004    -1.071     0.664    -0.365     0.246     0.737     0.017     0.000     2.000
    -2.290     1.881    -0.277     0.960     0.491     0.000     0.999     0.001     0.000     2.000
     0.558    -1.001    -0.013    -1.265     0.206     0.010     0.012     0.978     0.000     3.000
     2.529     1.076     1.045    -0.672     1.062     0.000     0.031     0.909     0.059     3.000
    -0.099     0.406     0.252    -0.672     0.491     0.003     0.258     0.740     0.000     3.000
     2.310    -0.532     0.252    -0.672     0.491     0.008     0.019     0.973     0.000     3.000
     0.339     1.143    -1.071     1.702    -1.221     0.053     0.947     0.000     0.000     2.000
    -0.318    -0.465    -0.806    -0.523     1.062     0.041     0.378     0.581     0.000     3.000
    -2.071     2.015    -0.277     1.702    -0.080     0.000     1.000     0.000     0.000     2.000
    -2.071     1.814     0.781     1.405     0.776     0.000     0.999     0.001     0.000     2.000
     1.434    -0.331    -1.335    -0.672     0.491     0.230     0.213     0.557     0.000     3.000
    -0.099     0.004     1.045    -1.117     0.491     0.000     0.022     0.977     0.000     3.000
    -0.756     0.674    -0.277     0.960    -0.650     0.016     0.978     0.005     0.000     2.000
    -2.071     0.406    -2.393     0.515    -0.080     0.088     0.911     0.001     0.000     2.000
    -0.537     0.674    -1.600     0.812     0.491     0.027     0.970     0.003     0.000     2.000
     0.558    -0.264     2.368     0.515     1.347     0.000     0.034     0.372     0.595     4.000
     0.120    -0.331    -1.071    -0.969    -0.080     0.154     0.240     0.606     0.000     3.000
     0.120    -1.135    -0.542     0.515    -0.365     0.605     0.315     0.080     0.000     1.000
     1.872    -1.135    -0.806     0.218    -0.936     0.903     0.047     0.050     0.000     1.000
     0.777     0.339     0.516     1.702     0.776     0.006     0.976     0.018     0.001     2.000
     3.405    -0.867     1.045    -0.672    -0.365     0.006     0.003     0.991     0.000     3.000
     0.339    -0.130     0.252     0.367     1.062     0.011     0.605     0.383     0.002     2.000
    -0.318    -0.130    -0.013     0.812    -0.650     0.089     0.874     0.038     0.000     2.000
    -0.318    -1.537     0.781     0.367     1.347     0.015     0.156     0.822     0.007     3.000
     0.996    -0.666     1.574     0.367    -0.365     0.012     0.133     0.854     0.000     3.000
     1.434    -1.872    -0.013    -1.265     0.776     0.009     0.002     0.989     0.000     3.000
    -1.413     0.808    -0.013    -0.078    -0.080     0.003     0.923     0.074     0.000     2.000
    -1.632     1.545    -0.806     1.109    -0.080     0.001     0.998     0.000     0.000     2.000
     0.120     0.473    -0.806     1.257    -0.080     0.043     0.953     0.004     0.000     2.000
    -1.194     1.680     0.252     0.664    -1.221     0.001     0.995     0.004     0.000     2.000
    -0.318     0.272     1.045    -0.672     0.776     0.000     0.096     0.902     0.001     3.000
    -0.537     0.942     0.781     1.702     0.491     0.001     0.995     0.004     0.000     2.000
    -1.413     0.406    -0.277     1.405    -0.650     0.017     0.982     0.001     0.000     2.000
     0.996    -0.532     0.516     1.109     0.206     0.083     0.741     0.177     0.000     2.000
    -0.318     0.406    -0.277     1.554    -0.650     0.035     0.963     0.002     0.000     2.000
     0.777    -1.068     0.516    -0.672    -0.936     0.061     0.034     0.906     0.000     3.000
    -0.756     1.545    -0.277     0.664     0.776     0.000     0.992     0.007     0.000     2.000
    -0.099     0.205    -0.806     0.515     0.491     0.040     0.923     0.037     0.000     2.000
     0.120    -0.934    -2.393     1.109    -0.080     0.885     0.115     0.000     0.000     1.000
    -0.537     1.948     0.252     0.515    -0.936     0.001     0.992     0.007     0.000     2.000
    -1.194     0.607    -0.277    -0.375    -0.080     0.009     0.837     0.154     0.000     2.000
    -0.537     1.076    -0.806    -0.078    -0.080     0.010     0.955     0.035     0.000     2.000
     1.434    -0.331     1.045    -0.227     0.206     0.004     0.055     0.940     0.001     3.000
    -0.975     1.009     0.516    -0.672     0.491     0.000     0.493     0.506     0.000     3.000
     0.339    -0.532    -1.335     0.218    -1.791     0.894     0.100     0.006     0.000     1.000
    -0.537    -0.063     1.574    -0.523     1.062     0.000     0.050     0.939     0.011     3.000
    -0.099     0.473    -2.129     0.664    -0.080     0.188     0.809     0.002     0.000     2.000
    -0.975     0.138     1.045    -1.710     1.062     0.000     0.008     0.991     0.001     3.000
