    -0.975     1.411    -0.806     0.812    -0.080     0.001     0.002     0.996     0.000     0.000     3.000
    -0.099    -0.197     0.252    -0.820     0.776     0.910     0.004     0.084     0.001     0.000     1.000
    -0.318    -1.537     0.516    -1.859    -0.080     0.997     0.002     0.001     0.000     0.000     1.000
    -0.975    -1.068     0.516    -0.375    -1.506     0.555     0.241     0.204     0.000     0.000     1.000
    -1.413     0.138    -0.806     1.554     1.062     0.001     0.006     0.993     0.000     0.000     3.000
    -0.099    -1.403    -0.542     0.070    -0.080     0.210     0.620     0.169     0.000     0.000     2.000
    -0.756    -0.398     1.045    -3.046    -0.650     1.000     0.000     0.000     0.000     0.000     1.000
     0.996     0.741     0.516     0.070     1.347     0.453     0.003     0.369     0.130     0.046     1.000
    -1.194     0.942    -0.013     1.554    -1.221     0.000     0.007     0.992     0.000     0.000     3.000
    -0.756     0.473    -0.013     0.812    -0.365     0.012     0.016     0.972     0.000     0.000     3.000
    -0.099    -0.264    -0.806     0.515     0.491     0.054     0.139     0.807     0.000     0.000     3.000
     0.120    -0.532     0.252    -0.227    -1.221     0.465     0.282     0.252     0.001     0.000     1.000
     1.215    -1.336    -0.013    -0.672    -0.365     0.753     0.203     0.015     0.029     0.000     1.000
    -0.537    -0.197     1.839    -0.969     0.491     0.986     0.000     0.013     0.000     0.001     1.000
     0.558     0.942     0.516     0.515     0.491     0.114     0.005     0.867     0.013     0.001     3.000
     1.215    -0.465    -1.600     0.218    -0.080     0.028     0.813     0.149     0.011     0.000     2.000
     0.339     0.808    -0.277     1.405    -0.365     0.003     0.029     0.968     0.000     0.000     3.000
     0.120    -1.671    -1.071     0.515    -1.791     0.002     0.987     0.011     0.000     0.000     2.000
    -0.537     1.411    -0.013     0.367     0.776     0.021     0.001     0.978     0.000     0.000     3.000
     0.120     0.808     1.045    -1.562     1.632     0.968     0.000     0.010     0.001     0.021     1.000
    -0.099    -0.331     0.781     0.664    -0.936     0.158     0.133     0.709     0.001     0.000     3.000
    -0.756    -0.264    -1.335     0.218    -0.080     0.025     0.213     0.761     0.000     0.000     3.000
     1.653     0.406     0.781    -0.672    -0.650     0.642     0.010     0.037     0.310     0.000     1.000
     0.996    -1.001     0.516    -1.265     0.776     0.984     0.002     0.002     0.011     0.000     1.000
    -0.318     1.478     0.252    -0.227    -0.936     0.080     0.005     0.915     0.000     0.000     3.000
    -2.509     1.747    -0.277     0.218     1.632     0.003     0.000     0.997     0.000     0.000     3.000
    -0.099     0.741    -0.542     0.960     0.776     0.008     0.009     0.983     0.000     0.000     3.000
     0.339    -1.202    -1.071    -1.117     0.206     0.731     0.232     0.036     0.001     0.000     1.000
    -1.632    -1.068    -0.806     0.812    -0.936     0.007     0.449     0.544     0.000     0.000     3.000
     1.434     0.004     0.252    -0.078    -0.080     0.513     0.069     0.169     0.249     0.000     1.000
    -1.632     1.680    -0.277     1.702     0.491     0.000     0.000     1.000     0.000     0.000     3.000
    -1.194     1.210     1.574    -1.414     0.206     0.930     0.000     0.070     0.000     0.000     1.000
     0.120     0.138     1.045     0.812     1.632     0.229     0.002     0.614     0.005     0.149     3.000
    -0.099     1.277     0.516     0.070    -0.080     0.109     0.003     0.887     0.001     0.000     3.000
    -0.318     0.674     1.045    -0.078    -0.365     0.382     0.005     0.613     0.001     0.000     3.000
     1.434    -0.063    -0.806    -1.710    -0.650     0.875     0.059     0.015     0.051     0.000     1.000
    -0.318    -0.398     0.516    -0.820     0.206     0.923     0.007     0.070     0.000     0.000     1.000
     1.215     1.344     1.310    -0.820     3.915     0.000     0.000     0.000     0.000     1.000     5.000
    -1.413     1.948     0.252    -0.672     1.062     0.113     0.000     0.887     0.000     0.000     3.000
    -0.756    -1.470     2.897    -1.562     0.206     1.000     0.000     0.000     0.000     0.000     1.000
    -0.537     0.071    -0.542    -0.375    -0.365     0.228     0.083     0.689     0.000     0.000     3.000
    -1.194     1.076    -0.542    -1.414     0.206     0.498     0.002     0.500     0.000     0.000     3.000
    -0.537     1.009     0.781    -1.265     1.062     0.911     0.000     0.087     0.000     0.001     1.000
    -0.975     0.741     0.252    -0.672    -0.080     0.386     0.003     0.610     0.000     0.000     3.000
    -0.099     1.009     0.516    -0.672     0.491     0.630     0.001     0.367     0.002     0.000     1.000
    -0.099    -1.202    -1.335     1.702    -1.221     0.000     0.922     0.077     0.000     0.000     2.000
     0.558     0.674     3.426     0.070     1.918     0.006     0.000     0.000     0.000     0.994     5.000
     0.339     1.277    -1.071     0.812     0.776     0.004     0.008     0.988     0.001     0.000     3.000
     2.529     0.942     1.045    -0.523     0.776     0.044     0.000     0.001     0.950     0.004     4.000
    -0.099     1.948    -1.600     0.664    -0.080     0.001     0.005     0.995     0.000     0.000     3.000
     0.996     1.478     1.310     0.367    -0.936     0.169     0.005     0.758     0.067     0.000     3.000
    -0.318     0.942    -1.600     0.218     1.062     0.010     0.011     0.979     0.000     0.000     3.000
    -0.756     0.205    -0.806    -0.078    -0.936     0.046     0.130     0.824     0.000     0.000     3.000
     0.339    -1.604     1.574    -0.820     0.491     0.995     0.001     0.002     0.001     0.001     1.000
    -0.537     0.205     0.252    -0.523    -0.650     0.497     0.027     0.476     0.000     0.000     1.000
    -0.756     1.009     0.781    -1.562    -0.936     0.897     0.001     0.103     0.000     0.000     1.000
    -0.537     0.473    -2.658    -0.227    -1.221     0.003     0.502     0.496     0.000     0.000     2.000
    -2.509     0.205    -0.542     0.515    -1.506     0.002     0.026     0.972     0.000     0.000     3.000
    -0.099    -2.408     0.781    -1.117     1.632     0.996     0.001     0.001     0.000     0.002     1.000
    -0.099     0.272    -0.806     1.109     0.206     0.005     0.056     0.938     0.000     0.000     3.000
    -0.099    -0.264     0.516    -0.227    -1.506     0.468     0.177     0.355     0.001     0.000     1.000
    -0.318     0.607     0.516     0.664    -0.936     0.033     0.022     0.945     0.000     0.000     3.000
     0.558     1.411     1.310    -1.414     0.776     0.963     0.000     0.022     0.010     0.005     1.000
    -0.756     0.674    -1.600     1.702     0.491     0.000     0.016     0.984     0.000     0.000     3.000
    -1.852     0.473    -0.542     1.109    -1.791     0.001     0.034     0.965     0.000     0.000     3.000
    -1.194     1.076    -0.013     0.812     0.776     0.006     0.001     0.994     0.000     0.000     3.000
    -0.537    -0.264     0.252    -2.007    -0.936     0.987     0.003     0.009     0.000     0.000     1.000
     0.558     0.473     1.574    -2.452     0.776     0.998     0.000     0.000     0.001     0.001     1.000
    -0.099     0.339     0.516    -0.375    -0.650     0.535     0.023     0.441     0.001     0.000     1.000
     0.120     1.076    -1.864     1.702    -1.506     0.000     0.170     0.830     0.000     0.000     3.000
     0.996    -2.073    -0.542    -3.046     0.491     0.998     0.001     0.000     0.001     0.000     1.000
    -1.194    -0.063    -4.510     0.515     0.206     0.000     0.640     0.360     0.000     0.000     2.000
    -0.099     0.339    -0.013    -1.117    -0.365     0.828     0.012     0.159     0.001     0.000     1.000
     0.120    -2.073     0.252    -0.672     0.206     0.906     0.084     0.010     0.000     0.000     1.000
    -0.099     0.339    -1.335     0.070    -0.365     0.028     0.172     0.800     0.000     0.000     3.000
     1.653     0.272     0.516     0.367    -0.936     0.208     0.137     0.275     0.380     0.000     4.000
     0.120    -0.130    -0.542     0.812    -0.936     0.015     0.352     0.632     0.000     0.000     3.000
    -0.318    -0.800    -0.277    -0.227    -0.650     0.346     0.347     0.307     0.000     0.000     2.000
     1.215     1.277    -0.806     0.812     1.062     0.014     0.011     0.930     0.045     0.000     3.000
     0.339    -0.197    -0.277     0.960    -1.221     0.015     0.450     0.535     0.001     0.000     3.000
     0.339     0.540    -0.013    -0.969    -0.936     0.728     0.034     0.234     0.003     0.000     1.000
     1.215    -0.465    -1.335    -0.969    -0.080     0.488     0.406     0.071     0.035     0.000     1.000
     0.120    -0.063    -0.013    -1.414     0.491     0.969     0.003     0.028     0.001     0.000     1.000
     0.996    -0.733    -0.277     0.515    -0.650     0.086     0.704     0.197     0.013     0.000     2.000
    -0.975     1.411    -0.277    -0.078    -1.221     0.015     0.006     0.978     0.000     0.000     3.000
     0.996     0.272    -0.542     0.367    -1.221     0.045     0.456     0.488     0.011     0.000     3.000
    -0.975     0.674    -0.013     0.218    -0.650     0.032     0.012     0.955     0.000     0.000     3.000
    -1.194     0.674    -0.542     0.515     1.062     0.012     0.002     0.986     0.000     0.000     3.000
    -0.537    -2.810    -0.013     0.664    -2.077     0.004     0.992     0.004     0.000     0.000     2.000
    -0.756     0.071    -0.806     1.702    -0.936     0.000     0.119     0.881     0.000     0.000     3.000
    -0.099     0.674    -0.806     0.218    -0.080     0.031     0.039     0.930     0.000     0.000     3.000
     0.120     1.344    -0.806     0.664    -0.080     0.005     0.010     0.985     0.000     0.000     3.000
    -0.537     0.071     0.516    -0.820    -0.650     0.790     0.013     0.197     0.000     0.000     1.000
    -0.756     0.339    -0.806     1.257     1.632     0.003     0.005     0.992     0.000     0.000     3.000
     1.434     0.272     1.574    -0.672     0.491     0.810     0.000     0.011     0.170     0.010     1.000
     1.215     0.205     2.103    -1.265    -0.936     0.970     0.000     0.002     0.027     0.000     1.000
    -0.318     0.339    -0.013     0.664    -0.365     0.030     0.035     0.934     0.000     0.000     3.000
     0.339    -1.269     1.574    -1.562     1.632     0.983     0.000     0.000     0.001     0.016     1.000
     2.748     0.406    -0.277     0.515     1.062     0.005     0.002     0.006     0.986     0.000     4.000
    -0.756    -0.331    -0.542     0.515    -0.080     0.039     0.115     0.846     0.000     0.000     3.000
    -0.099     0.339    -1.071     1.702    -0.080     0.001     0.073     0.926     0.000     0.000     3.000
    -0.537     0.205     0.252     0.515     0.206     0.077     0.015     0.907     0.000     0.000     3.000
     1.215     0.004     0.516    -1.414     0.491     0.956     0.001     0.006     0.037     0.000     1.000
     1.653     0.071    -0.013    -0.672     0.206     0.605     0.022     0.044     0.328     0.000     1.000
    -0.537    -1.135    -2.129     0.664    -2.647     0.000     0.989     0.011     0.000     0.000     2.000
     1.653    -1.604    -2.129     0.515    -2.077     0.000     0.999     0.001     0.000     0.000     2.000
    -0.756     0.071    -0.013     0.070    -0.080     0.148     0.030     0.823     0.000     0.000     3.000
     0.120    -1.135    -0.542    -0.078    -2.933     0.008     0.976     0.016     0.000     0.000     2.000
    -0.756     0.339     0.781    -0.969    -1.221     0.787     0.008     0.205     0.000     0.000     1.000
    -0.099    -0.666     0.516    -0.969    -1.221     0.904     0.050     0.046     0.000     0.000     1.000
     0.558    -2.140     0.252    -0.969    -0.080     0.922     0.073     0.003     0.001     0.000     1.000
     2.748    -1.269    -1.864    -1.117    -1.791     0.012     0.926     0.000     0.061     0.000     2.000
    -0.537    -0.197    -0.013    -0.078     0.776     0.393     0.020     0.587     0.000     0.000     3.000
    -0.099    -0.264    -1.071     0.070    -0.080     0.080     0.295     0.625     0.000     0.000     3.000
     0.339     0.875    -0.542     0.812    -0.080     0.010     0.027     0.962     0.001     0.000     3.000
    -0.975    -0.197    -0.542     0.664     0.206     0.022     0.051     0.927     0.000     0.000     3.000
    -0.099    -0.733     1.045    -1.414    -0.365     0.993     0.002     0.005     0.000     0.000     1.000
    -1.413     1.210    -1.071     0.070    -0.936     0.004     0.009     0.987     0.000     0.000     3.000
     0.777    -0.599    -0.277    -1.710    -2.362     0.729     0.258     0.011     0.002     0.000     1.000
    -1.194     1.411    -0.277     1.702    -0.080     0.000     0.001     0.999     0.000     0.000     3.000
     0.777    -1.872    -1.864     1.702     0.491     0.000     0.974     0.026     0.000     0.000     2.000
     0.777     0.674     3.161    -1.117     2.203     0.018     0.000     0.000     0.000     0.982     5.000
     0.558    -0.934     0.252    -1.710     0.206     0.994     0.003     0.002     0.001     0.000     1.000
    -1.194    -1.068     0.252    -0.820    -0.936     0.797     0.085     0.119     0.000     0.000     1.000
    -0.099     0.004     0.252     0.367    -0.365     0.155     0.067     0.778     0.001     0.000     3.000
    -0.975     0.607     1.045     0.515     0.491     0.094     0.001     0.904     0.000     0.000     3.000
    -0.537    -0.599     0.252    -0.672    -0.365     0.808     0.041     0.152     0.000     0.000     1.000
     0.558    -0.130     1.045    -0.969     1.918     0.868     0.000     0.007     0.007     0.118     1.000
    -1.413     1.814    -0.013    -0.227    -0.650     0.016     0.001     0.983     0.000     0.000     3.000
     0.996    -0.934     0.781     1.554     5.627     0.000     0.000     0.000     0.000     1.000     5.000
    -0.318     0.406     0.781     0.960    -0.080     0.039     0.009     0.951     0.000     0.000     3.000
     0.996    -0.264     1.045     0.367     1.918     0.310     0.001     0.057     0.061     0.571     5.000
    -0.975     1.143     1.045    -0.672     1.062     0.617     0.000     0.380     0.000     0.003     1.000
     0.996    -0.666    -1.071     0.960    -0.080     0.012     0.752     0.231     0.005     0.000     2.000
     0.558    -0.063    -0.013     0.664    -0.936     0.062     0.303     0.631     0.004     0.000     3.000
     2.091    -2.542     2.632    -0.820    -0.080     0.881     0.001     0.000     0.116     0.002     1.000
     0.777    -1.269     0.781     0.070    -0.650     0.680     0.241     0.066     0.013     0.000     1.000
    -0.975     0.339     0.252     1.702     0.206     0.002     0.006     0.993     0.000     0.000     3.000
     1.215     0.138    -1.600    -0.523    -0.080     0.180     0.489     0.290     0.040     0.000     2.000
    -0.099     0.942     0.781    -0.672     1.062     0.765     0.000     0.228     0.002     0.004     1.000
    -2.728     0.473    -0.542    -0.969    -0.365     0.118     0.004     0.878     0.000     0.000     3.000
     0.339    -1.068    -1.335     0.515    -0.936     0.006     0.930     0.065     0.000     0.000     2.000
     0.339    -0.666    -0.542     0.515    -0.365     0.068     0.540     0.390     0.001     0.000     2.000
     0.120    -0.197    -0.542     0.070     0.491     0.236     0.107     0.655     0.002     0.000     3.000
    -0.537     1.277     0.781     0.218     0.206     0.080     0.001     0.919     0.000     0.000     3.000
     0.120    -1.537    -0.277     0.218    -0.365     0.170     0.718     0.112     0.000     0.000     2.000
    -0.756    -1.202     0.781    -0.078    -1.506     0.504     0.294     0.202     0.000     0.000     1.000
     0.339    -0.800    -0.277     0.664     0.491     0.153     0.295     0.548     0.003     0.000     3.000
     1.653     0.138     0.252     0.070     0.491     0.331     0.025     0.129     0.513     0.001     4.000
     0.339     0.607    -0.542     0.367     0.491     0.058     0.029     0.910     0.003     0.000     3.000
    -0.318    -0.934    -0.277     0.367    -0.365     0.132     0.425     0.443     0.000     0.000     3.000
    -0.756    -0.867     0.516    -1.117     0.491     0.974     0.003     0.023     0.000     0.000     1.000
    -0.318    -2.207    -0.013    -0.672     1.062     0.942     0.045     0.013     0.000     0.000     1.000
    -0.756    -0.264    -1.600     1.257    -1.791     0.000     0.648     0.351     0.000     0.000     2.000
     0.339     1.076    -0.013     0.515    -0.080     0.034     0.011     0.953     0.002     0.000     3.000
     0.120    -0.398     1.310    -0.227     2.203     0.465     0.000     0.019     0.002     0.514     5.000
     0.558     0.808     0.252    -0.672     0.491     0.729     0.004     0.251     0.016     0.000     1.000
     0.777    -1.202    -0.542     0.218     1.062     0.435     0.344     0.200     0.021     0.000     1.000
     0.339    -1.269    -0.806    -1.117    -1.506     0.290     0.692     0.018     0.000     0.000     2.000
     0.996     0.540    -0.013     1.109     0.491     0.030     0.034     0.906     0.030     0.000     3.000
    -0.318    -0.331    -0.013     1.257    -0.365     0.014     0.128     0.859     0.000     0.000     3.000
     1.215     0.607     0.252     1.702    -0.365     0.007     0.063     0.905     0.026     0.000     3.000
     0.777    -1.202     1.045    -0.820     1.062     0.984     0.001     0.003     0.008     0.004     1.000
     2.967    -0.733    -0.806    -0.227    -0.365     0.017     0.078     0.002     0.903     0.000     4.000
    -0.318     0.004    -0.542    -0.078     1.062     0.251     0.025     0.724     0.000     0.000     3.000
     0.120     1.814    -0.277     0.367     0.491     0.014     0.001     0.984     0.001     0.000     3.000
    -0.099    -0.197    -0.806     1.109    -0.080     0.008     0.190     0.802     0.000     0.000     3.000
     0.339    -1.604    -0.542     1.702    -0.650     0.002     0.920     0.079     0.000     0.000     2.000
    -0.975     0.741     0.252    -0.672    -0.080     0.386     0.003     0.610     0.000     0.000     3.000
     0.339    -1.403     2.103    -1.562     1.632     0.958     0.000     0.000     0.000     0.041     1.000
    -0.318     0.339    -0.542     0.367    -0.650     0.029     0.085     0.886     0.000     0.000     3.000
    -0.537    -0.197    -0.806    -0.672     0.491     0.490     0.055     0.455     0.000     0.000     1.000
     0.120    -1.001     0.516    -0.820     0.491     0.971     0.008     0.019     0.001     0.000     1.000
    -0.975    -0.264     1.045    -1.117    -0.365     0.954     0.002     0.044     0.000     0.000     1.000
    -0.537    -2.408    -1.335    -0.523    -0.650     0.043     0.948     0.009     0.000     0.000     2.000
     0.777     0.272     1.045    -1.562     0.776     0.987     0.000     0.004     0.008     0.001     1.000
     1.653    -0.465     1.045     0.070     0.776     0.515     0.007     0.028     0.435     0.015     1.000
    -0.318    -0.264     0.252    -2.155     0.491     0.997     0.000     0.003     0.000     0.000     1.000
     0.339    -0.934     0.252    -0.672     0.491     0.940     0.022     0.036     0.003     0.000     1.000
     0.120     2.283    -0.542     0.960     1.347     0.001     0.000     0.998     0.000     0.000     3.000
     0.777    -2.676    -0.277     0.070     0.491     0.275     0.712     0.010     0.003     0.000     2.000
    -0.537    -0.666     0.252     1.702    -0.365     0.007     0.143     0.849     0.000     0.000     3.000
    -0.537    -0.934     0.781    -1.710     0.491     0.997     0.000     0.002     0.000     0.000     1.000
    -0.537     0.138     0.516     1.257    -0.650     0.012     0.031     0.958     0.000     0.000     3.000
    -0.975    -0.532     0.781     1.109    -0.365     0.045     0.047     0.908     0.000     0.000     3.000
     0.558    -0.130     0.781    -0.078    -0.365     0.708     0.039     0.240     0.013     0.000     1.000
     0.339    -2.006    -0.277     1.257     0.491     0.034     0.846     0.119     0.001     0.000     2.000
    -0.099    -0.130    -0.277     0.515    -0.650     0.053     0.196     0.750     0.000     0.000     3.000
    -0.537    -0.063     0.252    -1.710    -0.080     0.979     0.002     0.020     0.000     0.000     1.000
     0.558     0.674    -0.013    -0.523     0.491     0.606     0.009     0.369     0.016     0.000     1.000
    -1.194    -1.403    -1.864     1.257    -0.365     0.001     0.800     0.200     0.000     0.000     2.000
    -0.537     1.277    -0.277     0.070     0.491     0.035     0.002     0.962     0.000     0.000     3.000
    -0.756    -0.398     1.045     0.812    -0.936     0.105     0.063     0.831     0.000     0.000     3.000
    -1.194     0.674     0.781    -0.672     1.632     0.688     0.000     0.304     0.000     0.007     1.000
     0.558    -1.470    -0.806     1.702    -1.506     0.000     0.973     0.026     0.000     0.000     2.000
     0.339    -0.398    -0.542     0.070    -0.365     0.182     0.374     0.442     0.002     0.000     3.000
    -0.537     0.875    -0.542    -0.078    -0.080     0.051     0.012     0.937     0.000     0.000     3.000
     1.872    -0.063     1.310    -0.227     2.203     0.071     0.000     0.001     0.140     0.789     5.000
    -0.756    -0.398    -0.277     0.515    -0.080     0.060     0.102     0.839     0.000     0.000     3.000
     0.558     0.138    -0.013     0.664    -0.365     0.074     0.129     0.792     0.006     0.000     3.000
     1.653    -0.465     1.574    -1.562    -0.650     0.942     0.001     0.001     0.057     0.000     1.000
    -0.318    -1.202    -0.806     1.257    -1.221     0.002     0.858     0.140     0.000     0.000     2.000
    -0.537     0.942     0.516     0.367    -0.936     0.039     0.009     0.952     0.000     0.000     3.000
    -0.318     0.875    -0.013     1.405     0.206     0.002     0.005     0.993     0.000     0.000     3.000
    -0.537    -0.197    -0.806    -3.046    -0.936     0.995     0.003     0.002     0.000     0.000     1.000
     0.558     0.272     0.516     0.812    -1.221     0.059     0.139     0.798     0.005     0.000     3.000
    -0.099     0.205    -0.277    -0.672     0.776     0.665     0.011     0.323     0.001     0.000     1.000
     0.339     0.473     0.516     0.515     1.062     0.201     0.006     0.779     0.009     0.006     3.000
    -0.099    -0.197     0.516     0.218    -0.936     0.269     0.123     0.607     0.001     0.000     3.000
    -0.318    -0.331    -0.542    -0.375    -0.365     0.336     0.185     0.479     0.000     0.000     3.000
    -0.537     1.612    -0.542     1.554    -0.365     0.000     0.002     0.998     0.000     0.000     3.000
     3.624     1.545    -0.013     0.812     0.491     0.000     0.000     0.000     0.999     0.000     4.000
     0.339    -0.130     0.252    -0.672     0.491     0.883     0.010     0.102     0.005     0.000     1.000
    -0.756    -0.130     0.252    -0.672     0.491     0.758     0.007     0.235     0.000     0.000     1.000
     0.558    -0.733     0.516    -0.820    -1.221     0.876     0.087     0.034     0.003     0.000     1.000
     0.120     0.741     1.310    -0.672     0.206     0.881     0.001     0.115     0.003     0.001     1.000
     0.339    -1.805    -0.542    -0.672    -1.506     0.136     0.855     0.010     0.000     0.000     2.000
     1.653    -0.264    -0.013     0.960    -1.221     0.028     0.684     0.204     0.084     0.000     2.000
    -0.318    -1.269     1.045    -0.672     0.776     0.983     0.003     0.013     0.000     0.000     1.000
     0.339     1.411     0.516    -0.375     1.347     0.463     0.000     0.506     0.013     0.018     3.000
    -0.975     0.406     1.045    -0.375     0.776     0.638     0.001     0.360     0.000     0.001     1.000
     0.339     0.004    -1.071     0.664    -0.365     0.015     0.327     0.657     0.001     0.000     3.000
    -2.290     1.881    -0.277     0.960     0.491     0.000     0.000     1.000     0.000     0.000     3.000
     0.558    -1.001    -0.013    -1.265     0.206     0.973     0.016     0.009     0.003     0.000     1.000
     2.529     1.076     1.045    -0.672     1.062     0.046     0.000     0.001     0.942     0.011     4.000
    -0.099     0.406     0.252    -0.672     0.491     0.732     0.005     0.262     0.001     0.000     1.000
     2.310    -0.532     0.252    -0.672     0.491     0.237     0.006     0.003     0.754     0.000     4.000
     0.339     1.143    -1.071     1.702    -1.221     0.000     0.069     0.931     0.000     0.000     3.000
    -0.318    -0.465    -0.806    -0.523     1.062     0.580     0.054     0.365     0.000     0.000     1.000
    -2.071     2.015    -0.277     1.702    -0.080     0.000     0.000     1.000     0.000     0.000     3.000
    -2.071     1.814     0.781     1.405     0.776     0.001     0.000     0.999     0.000     0.000     3.000
     1.434    -0.331    -1.335    -0.672     0.491     0.448     0.309     0.116     0.126     0.000     1.000
    -0.099     0.004     1.045    -1.117     0.491     0.978     0.000     0.021     0.001     0.000     1.000
    -0.756     0.674    -0.277     0.960    -0.650     0.004     0.017     0.979     0.000     0.000     3.000
    -2.071     0.406    -2.393     0.515    -0.080     0.000     0.036     0.964     0.000     0.000     3.000
    -0.537     0.674    -1.600     0.812     0.491     0.002     0.025     0.973     0.000     0.000     3.000
     0.558    -0.264     2.368     0.515     1.347     0.279     0.000     0.025     0.010     0.686     5.000
     0.120    -0.331    -1.071    -0.969    -0.080     0.608     0.188     0.204     0.001     0.000     1.000
     0.120    -1.135    -0.542     0.515    -0.365     0.062     0.710     0.227     0.000     0.000     2.000
     1.872    -1.135    -0.806     0.218    -0.936     0.026     0.920     0.015     0.039     0.000     2.000
     0.777     0.339     0.516     1.702     0.776     0.015     0.016     0.955     0.013     0.002     3.000
     3.405    -0.867     1.045    -0.672    -0.365     0.014     0.000     0.000     0.986     0.000     4.000
     0.339    -0.130     0.252     0.367     1.062     0.372     0.024     0.592     0.009     0.003     3.000
    -0.318    -0.130    -0.013     0.812    -0.650     0.031     0.123     0.846     0.000     0.000     3.000
    -0.318    -1.537     0.781     0.367     1.347     0.812     0.029     0.150     0.001     0.008     1.000
     0.996    -0.666     1.574     0.367    -0.365     0.793     0.038     0.104     0.065     0.001     1.000
     1.434    -1.872    -0.013    -1.265     0.776     0.953     0.018     0.001     0.028     0.000     1.000
    -1.413     0.808    -0.013    -0.078    -0.080     0.051     0.003     0.946     0.000     0.000     3.000
    -1.632     1.545    -0.806     1.109    -0.080     0.000     0.001     0.999     0.000     0.000     3.000
     0.120     0.473    -0.806     1.257    -0.080     0.003     0.060     0.937     0.000     0.000     3.000
    -1.194     1.680     0.252     0.664    -1.221     0.002     0.001     0.996     0.000     0.000     3.000
    -0.318     0.272     1.045    -0.672     0.776     0.895     0.001     0.103     0.001     0.001     1.000
    -0.537     0.942     0.781     1.702     0.491     0.003     0.001     0.996     0.000     0.000     3.000
    -1.413     0.406    -0.277     1.405    -0.650     0.001     0.014     0.986     0.000     0.000     3.000
     0.996    -0.532     0.516     1.109     0.206     0.153     0.201     0.590     0.056     0.000     3.000
    -0.318     0.406    -0.277     1.554    -0.650     0.002     0.044     0.954     0.000     0.000     3.000
     0.777    -1.068     0.516    -0.672    -0.936     0.856     0.114     0.023     0.007     0.000     1.000
    -0.756     1.545    -0.277     0.664     0.776     0.005     0.001     0.995     0.000     0.000     3.000
    -0.099     0.205    -0.806     0.515     0.491     0.032     0.054     0.913     0.000     0.000     3.000
     0.120    -0.934    -2.393     1.109    -0.080     0.000     0.889     0.111     0.000     0.000     2.000
    -0.537     1.948     0.252     0.515    -0.936     0.005     0.001     0.994     0.000     0.000     3.000
    -1.194     0.607    -0.277    -0.375    -0.080     0.121     0.008     0.871     0.000     0.000     3.000
    -0.537     1.076    -0.806    -0.078    -0.080     0.028     0.011     0.961     0.000     0.000     3.000
     1.434    -0.331     1.045    -0.227     0.206     0.755     0.010     0.033     0.200     0.001     1.000
    -0.975     1.009     0.516    -0.672     0.491     0.437     0.001     0.562     0.000     0.000     3.000
     0.339    -0.532    -1.335     0.218    -1.791     0.005     0.917     0.078     0.000     0.000     2.000
    -0.537    -0.063     1.574    -0.523     1.062     0.935     0.000     0.055     0.000     0.009     1.000
    -0.099     0.473    -2.129     0.664    -0.080     0.002     0.181     0.817     0.000     0.000     3.000
    -0.975     0.138     1.045    -1.710     1.062     0.991     0.000     0.009     0.000     0.000     1.000
