    -0.975     1.411    -0.806     0.812    -0.080     0.002     0.997     0.001     0.000     0.000     0.000     2.000
    -0.099    -0.197     0.252    -0.820     0.776     0.003     0.076     0.918     0.002     0.001     0.000     3.000
    -0.318    -1.537     0.516    -1.859    -0.080     0.002     0.001     0.998     0.000     0.000     0.000     3.000
    -0.975    -1.068     0.516    -0.375    -1.506     0.262     0.189     0.549     0.000     0.000     0.000     3.000
    -1.413     0.138    -0.806     1.554     1.062     0.005     0.994     0.001     0.000     0.000     0.000     2.000
    -0.099    -1.403    -0.542     0.070    -0.080     0.612     0.173     0.214     0.000     0.000     0.000     1.000
    -0.756    -0.398     1.045    -3.046    -0.650     0.000     0.000     1.000     0.000     0.000     0.000     3.000
     0.996     0.741     0.516     0.070     1.347     0.002     0.346     0.397     0.127     0.129     0.000     3.000
    -1.194     0.942    -0.013     1.554    -1.221     0.008     0.992     0.000     0.000     0.000     0.000     2.000
    -0.756     0.473    -0.013     0.812    -0.365     0.016     0.974     0.010     0.000     0.000     0.000     2.000
    -0.099    -0.264    -0.806     0.515     0.491     0.125     0.824     0.051     0.000     0.000     0.000     2.000
     0.120    -0.532     0.252    -0.227    -1.221     0.300     0.244     0.456     0.000     0.001     0.000     3.000
     1.215    -1.336    -0.013    -0.672    -0.365     0.190     0.014     0.766     0.000     0.029     0.000     3.000
    -0.537    -0.197     1.839    -0.969     0.491     0.000     0.011     0.978     0.010     0.000     0.000     3.000
     0.558     0.942     0.516     0.515     0.491     0.005     0.878     0.101     0.003     0.013     0.000     2.000
     1.215    -0.465    -1.600     0.218    -0.080     0.801     0.159     0.028     0.000     0.012     0.000     1.000
     0.339     0.808    -0.277     1.405    -0.365     0.028     0.970     0.002     0.000     0.000     0.000     2.000
     0.120    -1.671    -1.071     0.515    -1.791     0.989     0.010     0.001     0.000     0.000     0.000     1.000
    -0.537     1.411    -0.013     0.367     0.776     0.001     0.979     0.020     0.000     0.000     0.000     2.000
     0.120     0.808     1.045    -1.562     1.632     0.000     0.007     0.857     0.134     0.001     0.000     3.000
    -0.099    -0.331     0.781     0.664    -0.936     0.143     0.717     0.140     0.000     0.001     0.000     2.000
    -0.756    -0.264    -1.335     0.218    -0.080     0.206     0.769     0.026     0.000     0.000     0.000     2.000
     1.653     0.406     0.781    -0.672    -0.650     0.010     0.036     0.643     0.001     0.311     0.000     3.000
     0.996    -1.001     0.516    -1.265     0.776     0.002     0.002     0.983     0.003     0.011     0.000     3.000
    -0.318     1.478     0.252    -0.227    -0.936     0.005     0.914     0.080     0.000     0.000     0.000     2.000
    -2.509     1.747    -0.277     0.218     1.632     0.000     0.997     0.003     0.000     0.000     0.000     2.000
    -0.099     0.741    -0.542     0.960     0.776     0.007     0.986     0.007     0.000     0.000     0.000     2.000
     0.339    -1.202    -1.071    -1.117     0.206     0.191     0.032     0.776     0.000     0.001     0.000     3.000
    -1.632    -1.068    -0.806     0.812    -0.936     0.470     0.524     0.006     0.000     0.000     0.000     2.000
     1.434     0.004     0.252    -0.078    -0.080     0.065     0.173     0.501     0.001     0.259     0.000     3.000
    -1.632     1.680    -0.277     1.702     0.491     0.000     1.000     0.000     0.000     0.000     0.000     2.000
    -1.194     1.210     1.574    -1.414     0.206     0.000     0.058     0.939     0.003     0.000     0.000     3.000
     0.120     0.138     1.045     0.812     1.632     0.002     0.586     0.185     0.222     0.005     0.000     2.000
    -0.099     1.277     0.516     0.070    -0.080     0.002     0.891     0.105     0.000     0.001     0.000     2.000
    -0.318     0.674     1.045    -0.078    -0.365     0.005     0.618     0.376     0.000     0.001     0.000     2.000
     1.434    -0.063    -0.806    -1.710    -0.650     0.048     0.012     0.894     0.000     0.047     0.000     3.000
    -0.318    -0.398     0.516    -0.820     0.206     0.006     0.063     0.931     0.000     0.000     0.000     3.000
     1.215     1.344     1.310    -0.820     3.915     0.000     0.000     0.000     0.999     0.000     0.000     4.000
    -1.413     1.948     0.252    -0.672     1.062     0.000     0.875     0.124     0.001     0.000     0.000     2.000
    -0.756    -1.470     2.897    -1.562     0.206     0.000     0.000     0.995     0.005     0.000     0.000     3.000
    -0.537     0.071    -0.542    -0.375    -0.365     0.081     0.678     0.240     0.000     0.000     0.000     2.000
    -1.194     1.076    -0.542    -1.414     0.206     0.002     0.441     0.558     0.000     0.000     0.000     3.000
    -0.537     1.009     0.781    -1.265     1.062     0.000     0.073     0.914     0.013     0.000     0.000     3.000
    -0.975     0.741     0.252    -0.672    -0.080     0.003     0.585     0.411     0.000     0.000     0.000     2.000
    -0.099     1.009     0.516    -0.672     0.491     0.001     0.349     0.645     0.003     0.002     0.000     3.000
    -0.099    -1.202    -1.335     1.702    -1.221     0.928     0.072     0.000     0.000     0.000     0.000     1.000
     0.558     0.674     3.426     0.070     1.918     0.000     0.000     0.002     0.998     0.000     0.000     4.000
     0.339     1.277    -1.071     0.812     0.776     0.006     0.989     0.004     0.000     0.001     0.000     2.000
     2.529     0.942     1.045    -0.523     0.776     0.000     0.001     0.041     0.022     0.936     0.000     5.000
    -0.099     1.948    -1.600     0.664    -0.080     0.004     0.995     0.001     0.000     0.000     0.000     2.000
     0.996     1.478     1.310     0.367    -0.936     0.005     0.777     0.151     0.001     0.065     0.000     2.000
    -0.318     0.942    -1.600     0.218     1.062     0.009     0.981     0.010     0.000     0.000     0.000     2.000
    -0.756     0.205    -0.806    -0.078    -0.936     0.137     0.816     0.047     0.000     0.000     0.000     2.000
     0.339    -1.604     1.574    -0.820     0.491     0.001     0.002     0.991     0.005     0.001     0.000     3.000
    -0.537     0.205     0.252    -0.523    -0.650     0.027     0.458     0.515     0.000     0.000     0.000     3.000
    -0.756     1.009     0.781    -1.562    -0.936     0.001     0.084     0.916     0.000     0.000     0.000     3.000
    -0.537     0.473    -2.658    -0.227    -1.221     0.520     0.477     0.003     0.000     0.000     0.000     1.000
    -2.509     0.205    -0.542     0.515    -1.506     0.030     0.968     0.002     0.000     0.000     0.000     2.000
    -0.099    -2.408     0.781    -1.117     1.632     0.001     0.001     0.992     0.006     0.000     0.000     3.000
    -0.099     0.272    -0.806     1.109     0.206     0.051     0.945     0.004     0.000     0.000     0.000     2.000
    -0.099    -0.264     0.516    -0.227    -1.506     0.196     0.344     0.460     0.000     0.001     0.000     3.000
    -0.318     0.607     0.516     0.664    -0.936     0.023     0.948     0.030     0.000     0.000     0.000     2.000
     0.558     1.411     1.310    -1.414     0.776     0.000     0.018     0.910     0.062     0.009     0.000     3.000
    -0.756     0.674    -1.600     1.702     0.491     0.014     0.986     0.000     0.000     0.000     0.000     2.000
    -1.852     0.473    -0.542     1.109    -1.791     0.041     0.959     0.000     0.000     0.000     0.000     2.000
    -1.194     1.076    -0.013     0.812     0.776     0.001     0.994     0.005     0.000     0.000     0.000     2.000
    -0.537    -0.264     0.252    -2.007    -0.936     0.003     0.007     0.991     0.000     0.000     0.000     3.000
     0.558     0.473     1.574    -2.452     0.776     0.000     0.000     0.983     0.015     0.001     0.000     3.000
    -0.099     0.339     0.516    -0.375    -0.650     0.023     0.433     0.543     0.000     0.001     0.000     3.000
     0.120     1.076    -1.864     1.702    -1.506     0.180     0.820     0.000     0.000     0.000     0.000     2.000
     0.996    -2.073    -0.542    -3.046     0.491     0.001     0.000     0.999     0.000     0.000     0.000     3.000
    -1.194    -0.063    -4.510     0.515     0.206     0.616     0.384     0.000     0.000     0.000     0.000     1.000
    -0.099     0.339    -0.013    -1.117    -0.365     0.011     0.139     0.850     0.000     0.001     0.000     3.000
     0.120    -2.073     0.252    -0.672     0.206     0.073     0.009     0.918     0.000     0.001     0.000     3.000
    -0.099     0.339    -1.335     0.070    -0.365     0.168     0.804     0.028     0.000     0.000     0.000     2.000
     1.653     0.272     0.516     0.367    -0.936     0.146     0.288     0.191     0.000     0.376     0.000     5.000
     0.120    -0.130    -0.542     0.812    -0.936     0.362     0.625     0.013     0.000     0.000     0.000     2.000
    -0.318    -0.800    -0.277    -0.227    -0.650     0.350     0.299     0.351     0.000     0.000     0.000     3.000
     1.215     1.277    -0.806     0.812     1.062     0.008     0.935     0.012     0.000     0.045     0.000     2.000
     0.339    -0.197    -0.277     0.960    -1.221     0.468     0.519     0.012     0.000     0.001     0.000     2.000
     0.339     0.540    -0.013    -0.969    -0.936     0.033     0.213     0.751     0.000     0.003     0.000     3.000
     1.215    -0.465    -1.335    -0.969    -0.080     0.362     0.068     0.533     0.000     0.037     0.000     3.000
     0.120    -0.063    -0.013    -1.414     0.491     0.002     0.023     0.974     0.000     0.001     0.000     3.000
     0.996    -0.733    -0.277     0.515    -0.650     0.711     0.198     0.078     0.000     0.012     0.000     1.000
    -0.975     1.411    -0.277    -0.078    -1.221     0.007     0.978     0.016     0.000     0.000     0.000     2.000
     0.996     0.272    -0.542     0.367    -1.221     0.472     0.477     0.041     0.000     0.010     0.000     2.000
    -0.975     0.674    -0.013     0.218    -0.650     0.013     0.956     0.031     0.000     0.000     0.000     2.000
    -1.194     0.674    -0.542     0.515     1.062     0.002     0.987     0.011     0.000     0.000     0.000     2.000
    -0.537    -2.810    -0.013     0.664    -2.077     0.994     0.003     0.003     0.000     0.000     0.000     1.000
    -0.756     0.071    -0.806     1.702    -0.936     0.123     0.877     0.000     0.000     0.000     0.000     2.000
    -0.099     0.674    -0.806     0.218    -0.080     0.036     0.934     0.030     0.000     0.000     0.000     2.000
     0.120     1.344    -0.806     0.664    -0.080     0.009     0.986     0.004     0.000     0.000     0.000     2.000
    -0.537     0.071     0.516    -0.820    -0.650     0.012     0.179     0.808     0.000     0.000     0.000     3.000
    -0.756     0.339    -0.806     1.257     1.632     0.004     0.993     0.003     0.000     0.000     0.000     2.000
     1.434     0.272     1.574    -0.672     0.491     0.000     0.010     0.749     0.075     0.166     0.000     3.000
     1.215     0.205     2.103    -1.265    -0.936     0.000     0.002     0.970     0.002     0.026     0.000     3.000
    -0.318     0.339    -0.013     0.664    -0.365     0.035     0.938     0.027     0.000     0.000     0.000     2.000
     0.339    -1.269     1.574    -1.562     1.632     0.000     0.000     0.920     0.079     0.001     0.000     3.000
     2.748     0.406    -0.277     0.515     1.062     0.001     0.006     0.005     0.001     0.987     0.000     5.000
    -0.756    -0.331    -0.542     0.515    -0.080     0.111     0.852     0.037     0.000     0.000     0.000     2.000
    -0.099     0.339    -1.071     1.702    -0.080     0.068     0.932     0.000     0.000     0.000     0.000     2.000
    -0.537     0.205     0.252     0.515     0.206     0.014     0.915     0.071     0.000     0.000     0.000     2.000
     1.215     0.004     0.516    -1.414     0.491     0.001     0.005     0.956     0.003     0.036     0.000     3.000
     1.653     0.071    -0.013    -0.672     0.206     0.019     0.042     0.605     0.001     0.333     0.000     3.000
    -0.537    -1.135    -2.129     0.664    -2.647     0.991     0.009     0.000     0.000     0.000     0.000     1.000
     1.653    -1.604    -2.129     0.515    -2.077     0.999     0.001     0.000     0.000     0.000     0.000     1.000
    -0.756     0.071    -0.013     0.070    -0.080     0.029     0.825     0.147     0.000     0.000     0.000     2.000
     0.120    -1.135    -0.542    -0.078    -2.933     0.982     0.012     0.006     0.000     0.000     0.000     1.000
    -0.756     0.339     0.781    -0.969    -1.221     0.008     0.183     0.809     0.000     0.000     0.000     3.000
    -0.099    -0.666     0.516    -0.969    -1.221     0.049     0.040     0.910     0.000     0.000     0.000     3.000
     0.558    -2.140     0.252    -0.969    -0.080     0.064     0.003     0.932     0.000     0.001     0.000     3.000
     2.748    -1.269    -1.864    -1.117    -1.791     0.932     0.000     0.013     0.000     0.055     0.000     1.000
    -0.537    -0.197    -0.013    -0.078     0.776     0.017     0.585     0.397     0.001     0.000     0.000     2.000
    -0.099    -0.264    -1.071     0.070    -0.080     0.283     0.634     0.082     0.000     0.000     0.000     2.000
     0.339     0.875    -0.542     0.812    -0.080     0.025     0.965     0.009     0.000     0.001     0.000     2.000
    -0.975    -0.197    -0.542     0.664     0.206     0.047     0.933     0.020     0.000     0.000     0.000     2.000
    -0.099    -0.733     1.045    -1.414    -0.365     0.001     0.004     0.994     0.000     0.000     0.000     3.000
    -1.413     1.210    -1.071     0.070    -0.936     0.010     0.986     0.004     0.000     0.000     0.000     2.000
     0.777    -0.599    -0.277    -1.710    -2.362     0.258     0.008     0.732     0.000     0.002     0.000     3.000
    -1.194     1.411    -0.277     1.702    -0.080     0.001     0.999     0.000     0.000     0.000     0.000     2.000
     0.777    -1.872    -1.864     1.702     0.491     0.970     0.029     0.000     0.000     0.000     0.000     1.000
     0.777     0.674     3.161    -1.117     2.203     0.000     0.000     0.005     0.995     0.000     0.000     4.000
     0.558    -0.934     0.252    -1.710     0.206     0.002     0.002     0.995     0.000     0.001     0.000     3.000
    -1.194    -1.068     0.252    -0.820    -0.936     0.083     0.104     0.813     0.000     0.000     0.000     3.000
    -0.099     0.004     0.252     0.367    -0.365     0.067     0.787     0.145     0.000     0.001     0.000     2.000
    -0.975     0.607     1.045     0.515     0.491     0.001     0.912     0.086     0.001     0.000     0.000     2.000
    -0.537    -0.599     0.252    -0.672    -0.365     0.038     0.139     0.823     0.000     0.000     0.000     3.000
     0.558    -0.130     1.045    -0.969     1.918     0.000     0.005     0.672     0.317     0.006     0.000     3.000
    -1.413     1.814    -0.013    -0.227    -0.650     0.001     0.983     0.017     0.000     0.000     0.000     2.000
     0.996    -0.934     0.781     1.554     5.627     0.000     0.000     0.000     0.000     0.000     1.000     6.000
    -0.318     0.406     0.781     0.960    -0.080     0.009     0.958     0.033     0.000     0.000     0.000     2.000
     0.996    -0.264     1.045     0.367     1.918     0.001     0.047     0.229     0.670     0.054     0.000     4.000
    -0.975     1.143     1.045    -0.672     1.062     0.000     0.354     0.625     0.021     0.000     0.000     3.000
     0.996    -0.666    -1.071     0.960    -0.080     0.738     0.246     0.011     0.000     0.005     0.000     1.000
     0.558    -0.063    -0.013     0.664    -0.936     0.314     0.629     0.054     0.000     0.003     0.000     2.000
     2.091    -2.542     2.632    -0.820    -0.080     0.001     0.000     0.861     0.017     0.120     0.000     3.000
     0.777    -1.269     0.781     0.070    -0.650     0.255     0.068     0.664     0.000     0.014     0.000     3.000
    -0.975     0.339     0.252     1.702     0.206     0.005     0.994     0.001     0.000     0.000     0.000     2.000
     1.215     0.138    -1.600    -0.523    -0.080     0.462     0.297     0.197     0.000     0.044     0.000     1.000
    -0.099     0.942     0.781    -0.672     1.062     0.000     0.211     0.756     0.030     0.002     0.000     3.000
    -2.728     0.473    -0.542    -0.969    -0.365     0.004     0.854     0.142     0.000     0.000     0.000     2.000
     0.339    -1.068    -1.335     0.515    -0.936     0.933     0.062     0.005     0.000     0.000     0.000     1.000
     0.339    -0.666    -0.542     0.515    -0.365     0.538     0.397     0.064     0.000     0.001     0.000     1.000
     0.120    -0.197    -0.542     0.070     0.491     0.096     0.666     0.236     0.000     0.002     0.000     2.000
    -0.537     1.277     0.781     0.218     0.206     0.001     0.923     0.076     0.001     0.000     0.000     2.000
     0.120    -1.537    -0.277     0.218    -0.365     0.721     0.112     0.166     0.000     0.001     0.000     1.000
    -0.756    -1.202     0.781    -0.078    -1.506     0.326     0.191     0.482     0.000     0.000     0.000     3.000
     0.339    -0.800    -0.277     0.664     0.491     0.275     0.578     0.144     0.000     0.004     0.000     2.000
     1.653     0.138     0.252     0.070     0.491     0.022     0.131     0.312     0.005     0.530     0.000     5.000
     0.339     0.607    -0.542     0.367     0.491     0.025     0.918     0.055     0.000     0.003     0.000     2.000
    -0.318    -0.934    -0.277     0.367    -0.365     0.426     0.447     0.126     0.000     0.000     0.000     2.000
    -0.756    -0.867     0.516    -1.117     0.491     0.002     0.019     0.978     0.000     0.000     0.000     3.000
    -0.318    -2.207    -0.013    -0.672     1.062     0.035     0.011     0.953     0.000     0.000     0.000     3.000
    -0.756    -0.264    -1.600     1.257    -1.791     0.681     0.318     0.000     0.000     0.000     0.000     1.000
     0.339     1.076    -0.013     0.515    -0.080     0.010     0.957     0.030     0.000     0.002     0.000     2.000
     0.120    -0.398     1.310    -0.227     2.203     0.000     0.013     0.309     0.677     0.001     0.000     4.000
     0.558     0.808     0.252    -0.672     0.491     0.003     0.239     0.738     0.003     0.017     0.000     3.000
     0.777    -1.202    -0.542     0.218     1.062     0.308     0.217     0.450     0.001     0.024     0.000     3.000
     0.339    -1.269    -0.806    -1.117    -1.506     0.685     0.016     0.299     0.000     0.000     0.000     1.000
     0.996     0.540    -0.013     1.109     0.491     0.029     0.917     0.024     0.001     0.029     0.000     2.000
    -0.318    -0.331    -0.013     1.257    -0.365     0.126     0.863     0.011     0.000     0.000     0.000     2.000
     1.215     0.607     0.252     1.702    -0.365     0.060     0.913     0.005     0.000     0.023     0.000     2.000
     0.777    -1.202     1.045    -0.820     1.062     0.001     0.003     0.969     0.019     0.008     0.000     3.000
     2.967    -0.733    -0.806    -0.227    -0.365     0.075     0.002     0.017     0.000     0.907     0.000     5.000
    -0.318     0.004    -0.542    -0.078     1.062     0.021     0.724     0.255     0.000     0.001     0.000     2.000
     0.120     1.814    -0.277     0.367     0.491     0.001     0.985     0.013     0.000     0.001     0.000     2.000
    -0.099    -0.197    -0.806     1.109    -0.080     0.181     0.813     0.007     0.000     0.000     0.000     2.000
     0.339    -1.604    -0.542     1.702    -0.650     0.921     0.078     0.001     0.000     0.000     0.000     1.000
    -0.975     0.741     0.252    -0.672    -0.080     0.003     0.585     0.411     0.000     0.000     0.000     2.000
     0.339    -1.403     2.103    -1.562     1.632     0.000     0.000     0.812     0.187     0.000     0.000     3.000
    -0.318     0.339    -0.542     0.367    -0.650     0.086     0.887     0.027     0.000     0.000     0.000     2.000
    -0.537    -0.197    -0.806    -0.672     0.491     0.047     0.430     0.523     0.000     0.000     0.000     3.000
     0.120    -1.001     0.516    -0.820     0.491     0.007     0.017     0.974     0.001     0.001     0.000     3.000
    -0.975    -0.264     1.045    -1.117    -0.365     0.001     0.037     0.961     0.000     0.000     0.000     3.000
    -0.537    -2.408    -1.335    -0.523    -0.650     0.945     0.008     0.046     0.000     0.000     0.000     1.000
     0.777     0.272     1.045    -1.562     0.776     0.000     0.003     0.975     0.014     0.008     0.000     3.000
     1.653    -0.465     1.045     0.070     0.776     0.006     0.027     0.467     0.053     0.447     0.000     3.000
    -0.318    -0.264     0.252    -2.155     0.491     0.000     0.002     0.998     0.000     0.000     0.000     3.000
     0.339    -0.934     0.252    -0.672     0.491     0.018     0.033     0.945     0.001     0.003     0.000     3.000
     0.120     2.283    -0.542     0.960     1.347     0.000     0.998     0.001     0.000     0.000     0.000     2.000
     0.777    -2.676    -0.277     0.070     0.491     0.694     0.011     0.292     0.000     0.003     0.000     1.000
    -0.537    -0.666     0.252     1.702    -0.365     0.142     0.852     0.006     0.000     0.000     0.000     2.000
    -0.537    -0.934     0.781    -1.710     0.491     0.000     0.002     0.998     0.000     0.000     0.000     3.000
    -0.537     0.138     0.516     1.257    -0.650     0.031     0.959     0.009     0.000     0.000     0.000     2.000
    -0.975    -0.532     0.781     1.109    -0.365     0.048     0.915     0.038     0.000     0.000     0.000     2.000
     0.558    -0.130     0.781    -0.078    -0.365     0.039     0.246     0.701     0.001     0.014     0.000     3.000
     0.339    -2.006    -0.277     1.257     0.491     0.836     0.132     0.031     0.000     0.001     0.000     1.000
    -0.099    -0.130    -0.277     0.515    -0.650     0.200     0.751     0.049     0.000     0.000     0.000     2.000
    -0.537    -0.063     0.252    -1.710    -0.080     0.001     0.015     0.983     0.000     0.000     0.000     3.000
     0.558     0.674    -0.013    -0.523     0.491     0.008     0.358     0.616     0.002     0.017     0.000     3.000
    -1.194    -1.403    -1.864     1.257    -0.365     0.799     0.200     0.000     0.000     0.000     0.000     1.000
    -0.537     1.277    -0.277     0.070     0.491     0.002     0.963     0.035     0.000     0.000     0.000     2.000
    -0.756    -0.398     1.045     0.812    -0.936     0.069     0.839     0.092     0.000     0.000     0.000     2.000
    -1.194     0.674     0.781    -0.672     1.632     0.000     0.275     0.687     0.038     0.000     0.000     3.000
     0.558    -1.470    -0.806     1.702    -1.506     0.976     0.024     0.000     0.000     0.000     0.000     1.000
     0.339    -0.398    -0.542     0.070    -0.365     0.370     0.447     0.180     0.000     0.002     0.000     2.000
    -0.537     0.875    -0.542    -0.078    -0.080     0.012     0.937     0.052     0.000     0.000     0.000     2.000
     1.872    -0.063     1.310    -0.227     2.203     0.000     0.001     0.046     0.848     0.105     0.000     4.000
    -0.756    -0.398    -0.277     0.515    -0.080     0.098     0.845     0.056     0.000     0.000     0.000     2.000
     0.558     0.138    -0.013     0.664    -0.365     0.126     0.803     0.066     0.000     0.006     0.000     2.000
     1.653    -0.465     1.574    -1.562    -0.650     0.000     0.000     0.944     0.001     0.054     0.000     3.000
    -0.318    -1.202    -0.806     1.257    -1.221     0.869     0.130     0.001     0.000     0.000     0.000     1.000
    -0.537     0.942     0.516     0.367    -0.936     0.009     0.954     0.037     0.000     0.000     0.000     2.000
    -0.318     0.875    -0.013     1.405     0.206     0.004     0.994     0.002     0.000     0.000     0.000     2.000
    -0.537    -0.197    -0.806    -3.046    -0.936     0.002     0.001     0.997     0.000     0.000     0.000     3.000
     0.558     0.272     0.516     0.812    -1.221     0.149     0.797     0.050     0.000     0.004     0.000     2.000
    -0.099     0.205    -0.277    -0.672     0.776     0.009     0.302     0.687     0.001     0.001     0.000     3.000
     0.339     0.473     0.516     0.515     1.062     0.005     0.790     0.181     0.016     0.009     0.000     2.000
    -0.099    -0.197     0.516     0.218    -0.936     0.132     0.611     0.257     0.000     0.001     0.000     2.000
    -0.318    -0.331    -0.542    -0.375    -0.365     0.180     0.469     0.351     0.000     0.000     0.000     2.000
    -0.537     1.612    -0.542     1.554    -0.365     0.002     0.998     0.000     0.000     0.000     0.000     2.000
     3.624     1.545    -0.013     0.812     0.491     0.000     0.001     0.000     0.000     0.999     0.000     5.000
     0.339    -0.130     0.252    -0.672     0.491     0.008     0.095     0.891     0.001     0.005     0.000     3.000
    -0.756    -0.130     0.252    -0.672     0.491     0.006     0.217     0.777     0.000     0.000     0.000     3.000
     0.558    -0.733     0.516    -0.820    -1.221     0.088     0.031     0.878     0.000     0.003     0.000     3.000
     0.120     0.741     1.310    -0.672     0.206     0.001     0.109     0.879     0.009     0.003     0.000     3.000
     0.339    -1.805    -0.542    -0.672    -1.506     0.860     0.009     0.132     0.000     0.000     0.000     1.000
     1.653    -0.264    -0.013     0.960    -1.221     0.704     0.200     0.022     0.000     0.074     0.000     1.000
    -0.318    -1.269     1.045    -0.672     0.776     0.002     0.012     0.982     0.003     0.000     0.000     3.000
     0.339     1.411     0.516    -0.375     1.347     0.000     0.471     0.436     0.080     0.013     0.000     2.000
    -0.975     0.406     1.045    -0.375     0.776     0.001     0.348     0.645     0.007     0.000     0.000     3.000
     0.339     0.004    -1.071     0.664    -0.365     0.319     0.666     0.014     0.000     0.001     0.000     2.000
    -2.290     1.881    -0.277     0.960     0.491     0.000     1.000     0.000     0.000     0.000     0.000     2.000
     0.558    -1.001    -0.013    -1.265     0.206     0.013     0.007     0.977     0.000     0.002     0.000     3.000
     2.529     1.076     1.045    -0.672     1.062     0.000     0.001     0.042     0.050     0.907     0.000     5.000
    -0.099     0.406     0.252    -0.672     0.491     0.004     0.246     0.747     0.001     0.001     0.000     3.000
     2.310    -0.532     0.252    -0.672     0.491     0.005     0.002     0.231     0.002     0.760     0.000     5.000
     0.339     1.143    -1.071     1.702    -1.221     0.071     0.928     0.000     0.000     0.000     0.000     2.000
    -0.318    -0.465    -0.806    -0.523     1.062     0.043     0.348     0.608     0.000     0.000     0.000     3.000
    -2.071     2.015    -0.277     1.702    -0.080     0.000     1.000     0.000     0.000     0.000     0.000     2.000
    -2.071     1.814     0.781     1.405     0.776     0.000     1.000     0.000     0.000     0.000     0.000     2.000
     1.434    -0.331    -1.335    -0.672     0.491     0.265     0.115     0.483     0.000     0.136     0.000     3.000
    -0.099     0.004     1.045    -1.117     0.491     0.000     0.018     0.978     0.003     0.001     0.000     3.000
    -0.756     0.674    -0.277     0.960    -0.650     0.018     0.979     0.003     0.000     0.000     0.000     2.000
    -2.071     0.406    -2.393     0.515    -0.080     0.034     0.965     0.000     0.000     0.000     0.000     2.000
    -0.537     0.674    -1.600     0.812     0.491     0.022     0.977     0.002     0.000     0.000     0.000     2.000
     0.558    -0.264     2.368     0.515     1.347     0.000     0.014     0.133     0.847     0.006     0.000     4.000
     0.120    -0.331    -1.071    -0.969    -0.080     0.163     0.186     0.650     0.000     0.001     0.000     3.000
     0.120    -1.135    -0.542     0.515    -0.365     0.711     0.231     0.058     0.000     0.000     0.000     1.000
     1.872    -1.135    -0.806     0.218    -0.936     0.924     0.015     0.023     0.000     0.037     0.000     1.000
     0.777     0.339     0.516     1.702     0.776     0.013     0.962     0.011     0.002     0.012     0.000     2.000
     3.405    -0.867     1.045    -0.672    -0.365     0.000     0.000     0.014     0.000     0.986     0.000     5.000
     0.339    -0.130     0.252     0.367     1.062     0.020     0.610     0.352     0.009     0.010     0.000     2.000
    -0.318    -0.130    -0.013     0.812    -0.650     0.125     0.848     0.027     0.000     0.000     0.000     2.000
    -0.318    -1.537     0.781     0.367     1.347     0.025     0.158     0.797     0.019     0.001     0.000     3.000
     0.996    -0.666     1.574     0.367    -0.365     0.041     0.114     0.769     0.005     0.071     0.000     3.000
     1.434    -1.872    -0.013    -1.265     0.776     0.013     0.001     0.957     0.001     0.028     0.000     3.000
    -1.413     0.808    -0.013    -0.078    -0.080     0.003     0.945     0.052     0.000     0.000     0.000     2.000
    -1.632     1.545    -0.806     1.109    -0.080     0.001     0.999     0.000     0.000     0.000     0.000     2.000
     0.120     0.473    -0.806     1.257    -0.080     0.056     0.942     0.002     0.000     0.000     0.000     2.000
    -1.194     1.680     0.252     0.664    -1.221     0.001     0.997     0.002     0.000     0.000     0.000     2.000
    -0.318     0.272     1.045    -0.672     0.776     0.001     0.095     0.893     0.011     0.001     0.000     3.000
    -0.537     0.942     0.781     1.702     0.491     0.001     0.997     0.002     0.000     0.000     0.000     2.000
    -1.413     0.406    -0.277     1.405    -0.650     0.014     0.985     0.001     0.000     0.000     0.000     2.000
     0.996    -0.532     0.516     1.109     0.206     0.191     0.622     0.129     0.001     0.056     0.000     2.000
    -0.318     0.406    -0.277     1.554    -0.650     0.044     0.955     0.001     0.000     0.000     0.000     2.000
     0.777    -1.068     0.516    -0.672    -0.936     0.113     0.021     0.858     0.000     0.007     0.000     3.000
    -0.756     1.545    -0.277     0.664     0.776     0.000     0.995     0.004     0.000     0.000     0.000     2.000
    -0.099     0.205    -0.806     0.515     0.491     0.048     0.922     0.030     0.000     0.000     0.000     2.000
     0.120    -0.934    -2.393     1.109    -0.080     0.881     0.118     0.000     0.000     0.000     0.000     1.000
    -0.537     1.948     0.252     0.515    -0.936     0.001     0.994     0.004     0.000     0.000     0.000     2.000
    -1.194     0.607    -0.277    -0.375    -0.080     0.008     0.863     0.129     0.000     0.000     0.000     2.000
    -0.537     1.076    -0.806    -0.078    -0.080     0.010     0.962     0.028     0.000     0.000     0.000     2.000
     1.434    -0.331     1.045    -0.227     0.206     0.009     0.033     0.737     0.010     0.211     0.000     3.000
    -0.975     1.009     0.516    -0.672     0.491     0.001     0.538     0.461     0.001     0.000     0.000     2.000
     0.339    -0.532    -1.335     0.218    -1.791     0.928     0.068     0.004     0.000     0.000     0.000     1.000
    -0.537    -0.063     1.574    -0.523     1.062     0.000     0.050     0.894     0.055     0.000     0.000     3.000
    -0.099     0.473    -2.129     0.664    -0.080     0.169     0.829     0.002     0.000     0.000     0.000     2.000
    -0.975     0.138     1.045    -1.710     1.062     0.000     0.007     0.989     0.004     0.000     0.000     3.000
