    -0.975     1.411    -0.806     0.812    -0.080     0.005     0.995     2.000
    -0.099    -0.197     0.252    -0.820     0.776     0.905     0.095     1.000
    -0.318    -1.537     0.516    -1.859    -0.080     0.995     0.005     1.000
    -0.975    -1.068     0.516    -0.375    -1.506     0.480     0.520     2.000
    -1.413     0.138    -0.806     1.554     1.062     0.002     0.998     2.000
    -0.099    -1.403    -0.542     0.070    -0.080     0.234     0.766     2.000
    -0.756    -0.398     1.045    -3.046    -0.650     1.000     0.000     1.000
     0.996     0.741     0.516     0.070     1.347     0.677     0.323     1.000
    -1.194     0.942    -0.013     1.554    -1.221     0.001     0.999     2.000
    -0.756     0.473    -0.013     0.812    -0.365     0.020     0.980     2.000
    -0.099    -0.264    -0.806     0.515     0.491     0.051     0.949     2.000
     0.120    -0.532     0.252    -0.227    -1.221     0.429     0.571     2.000
     1.215    -1.336    -0.013    -0.672    -0.365     0.889     0.111     1.000
    -0.537    -0.197     1.839    -0.969     0.491     0.987     0.013     1.000
     0.558     0.942     0.516     0.515     0.491     0.210     0.790     2.000
     1.215    -0.465    -1.600     0.218    -0.080     0.063     0.937     2.000
     0.339     0.808    -0.277     1.405    -0.365     0.005     0.995     2.000
     0.120    -1.671    -1.071     0.515    -1.791     0.020     0.980     2.000
    -0.537     1.411    -0.013     0.367     0.776     0.091     0.909     2.000
     0.120     0.808     1.045    -1.562     1.632     0.996     0.004     1.000
    -0.099    -0.331     0.781     0.664    -0.936     0.117     0.883     2.000
    -0.756    -0.264    -1.335     0.218    -0.080     0.028     0.972     2.000
     1.653     0.406     0.781    -0.672    -0.650     0.918     0.082     1.000
     0.996    -1.001     0.516    -1.265     0.776     0.992     0.008     1.000
    -0.318     1.478     0.252    -0.227    -0.936     0.216     0.784     2.000
    -2.509     1.747    -0.277     0.218     1.632     0.047     0.953     2.000
    -0.099     0.741    -0.542     0.960     0.776     0.017     0.983     2.000
     0.339    -1.202    -1.071    -1.117     0.206     0.838     0.162     1.000
    -1.632    -1.068    -0.806     0.812    -0.936     0.006     0.994     2.000
     1.434     0.004     0.252    -0.078    -0.080     0.625     0.375     1.000
    -1.632     1.680    -0.277     1.702     0.491     0.001     0.999     2.000
    -1.194     1.210     1.574    -1.414     0.206     0.982     0.018     1.000
     0.120     0.138     1.045     0.812     1.632     0.353     0.647     2.000
    -0.099     1.277     0.516     0.070    -0.080     0.269     0.731     2.000
    -0.318     0.674     1.045    -0.078    -0.365     0.524     0.476     1.000
     1.434    -0.063    -0.806    -1.710    -0.650     0.960     0.040     1.000
    -0.318    -0.398     0.516    -0.820     0.206     0.903     0.097     1.000
     1.215     1.344     1.310    -0.820     3.915     0.996     0.004     1.000
    -1.413     1.948     0.252    -0.672     1.062     0.571     0.429     1.000
    -0.756    -1.470     2.897    -1.562     0.206     1.000     0.000     1.000
    -0.537     0.071    -0.542    -0.375    -0.365     0.253     0.747     2.000
    -1.194     1.076    -0.542    -1.414     0.206     0.774     0.226     1.000
    -0.537     1.009     0.781    -1.265     1.062     0.972     0.028     1.000
    -0.975     0.741     0.252    -0.672    -0.080     0.599     0.401     1.000
    -0.099     1.009     0.516    -0.672     0.491     0.814     0.186     1.000
    -0.099    -1.202    -1.335     1.702    -1.221     0.001     0.999     2.000
     0.558     0.674     3.426     0.070     1.918     0.992     0.008     1.000
     0.339     1.277    -1.071     0.812     0.776     0.013     0.987     2.000
     2.529     0.942     1.045    -0.523     0.776     0.970     0.030     1.000
    -0.099     1.948    -1.600     0.664    -0.080     0.003     0.997     2.000
     0.996     1.478     1.310     0.367    -0.936     0.328     0.672     2.000
    -0.318     0.942    -1.600     0.218     1.062     0.029     0.971     2.000
    -0.756     0.205    -0.806    -0.078    -0.936     0.059     0.941     2.000
     0.339    -1.604     1.574    -0.820     0.491     0.991     0.009     1.000
    -0.537     0.205     0.252    -0.523    -0.650     0.537     0.463     1.000
    -0.756     1.009     0.781    -1.562    -0.936     0.953     0.047     1.000
    -0.537     0.473    -2.658    -0.227    -1.221     0.006     0.994     2.000
    -2.509     0.205    -0.542     0.515    -1.506     0.005     0.995     2.000
    -0.099    -2.408     0.781    -1.117     1.632     0.995     0.005     1.000
    -0.099     0.272    -0.806     1.109     0.206     0.007     0.993     2.000
    -0.099    -0.264     0.516    -0.227    -1.506     0.413     0.587     2.000
    -0.318     0.607     0.516     0.664    -0.936     0.050     0.950     2.000
     0.558     1.411     1.310    -1.414     0.776     0.993     0.007     1.000
    -0.756     0.674    -1.600     1.702     0.491     0.000     1.000     2.000
    -1.852     0.473    -0.542     1.109    -1.791     0.001     0.999     2.000
    -1.194     1.076    -0.013     0.812     0.776     0.023     0.977     2.000
    -0.537    -0.264     0.252    -2.007    -0.936     0.985     0.015     1.000
     0.558     0.473     1.574    -2.452     0.776     1.000     0.000     1.000
    -0.099     0.339     0.516    -0.375    -0.650     0.572     0.428     1.000
     0.120     1.076    -1.864     1.702    -1.506     0.000     1.000     2.000
     0.996    -2.073    -0.542    -3.046     0.491     1.000     0.000     1.000
    -1.194    -0.063    -4.510     0.515     0.206     0.000     1.000     2.000
    -0.099     0.339    -0.013    -1.117    -0.365     0.853     0.147     1.000
     0.120    -2.073     0.252    -0.672     0.206     0.924     0.076     1.000
    -0.099     0.339    -1.335     0.070    -0.365     0.038     0.962     2.000
     1.653     0.272     0.516     0.367    -0.936     0.298     0.702     2.000
     0.120    -0.130    -0.542     0.812    -0.936     0.015     0.985     2.000
    -0.318    -0.800    -0.277    -0.227    -0.650     0.315     0.685     2.000
     1.215     1.277    -0.806     0.812     1.062     0.034     0.966     2.000
     0.339    -0.197    -0.277     0.960    -1.221     0.014     0.986     2.000
     0.339     0.540    -0.013    -0.969    -0.936     0.763     0.237     1.000
     1.215    -0.465    -1.335    -0.969    -0.080     0.705     0.295     1.000
     0.120    -0.063    -0.013    -1.414     0.491     0.967     0.033     1.000
     0.996    -0.733    -0.277     0.515    -0.650     0.113     0.887     2.000
    -0.975     1.411    -0.277    -0.078    -1.221     0.051     0.949     2.000
     0.996     0.272    -0.542     0.367    -1.221     0.056     0.944     2.000
    -0.975     0.674    -0.013     0.218    -0.650     0.064     0.936     2.000
    -1.194     0.674    -0.542     0.515     1.062     0.036     0.964     2.000
    -0.537    -2.810    -0.013     0.664    -2.077     0.053     0.947     2.000
    -0.756     0.071    -0.806     1.702    -0.936     0.001     0.999     2.000
    -0.099     0.674    -0.806     0.218    -0.080     0.052     0.948     2.000
     0.120     1.344    -0.806     0.664    -0.080     0.014     0.986     2.000
    -0.537     0.071     0.516    -0.820    -0.650     0.797     0.203     1.000
    -0.756     0.339    -0.806     1.257     1.632     0.007     0.993     2.000
     1.434     0.272     1.574    -0.672     0.491     0.984     0.016     1.000
     1.215     0.205     2.103    -1.265    -0.936     0.996     0.004     1.000
    -0.318     0.339    -0.013     0.664    -0.365     0.040     0.960     2.000
     0.339    -1.269     1.574    -1.562     1.632     0.999     0.001     1.000
     2.748     0.406    -0.277     0.515     1.062     0.366     0.634     2.000
    -0.756    -0.331    -0.542     0.515    -0.080     0.037     0.963     2.000
    -0.099     0.339    -1.071     1.702    -0.080     0.001     0.999     2.000
    -0.537     0.205     0.252     0.515     0.206     0.105     0.895     2.000
     1.215     0.004     0.516    -1.414     0.491     0.991     0.009     1.000
     1.653     0.071    -0.013    -0.672     0.206     0.883     0.117     1.000
    -0.537    -1.135    -2.129     0.664    -2.647     0.001     0.999     2.000
     1.653    -1.604    -2.129     0.515    -2.077     0.010     0.990     2.000
    -0.756     0.071    -0.013     0.070    -0.080     0.178     0.822     2.000
     0.120    -1.135    -0.542    -0.078    -2.933     0.075     0.925     2.000
    -0.756     0.339     0.781    -0.969    -1.221     0.822     0.178     1.000
    -0.099    -0.666     0.516    -0.969    -1.221     0.882     0.118     1.000
     0.558    -2.140     0.252    -0.969    -0.080     0.968     0.032     1.000
     2.748    -1.269    -1.864    -1.117    -1.791     0.683     0.317     1.000
    -0.537    -0.197    -0.013    -0.078     0.776     0.411     0.589     2.000
    -0.099    -0.264    -1.071     0.070    -0.080     0.081     0.919     2.000
     0.339     0.875    -0.542     0.812    -0.080     0.018     0.982     2.000
    -0.975    -0.197    -0.542     0.664     0.206     0.025     0.975     2.000
    -0.099    -0.733     1.045    -1.414    -0.365     0.989     0.011     1.000
    -1.413     1.210    -1.071     0.070    -0.936     0.012     0.988     2.000
     0.777    -0.599    -0.277    -1.710    -2.362     0.939     0.061     1.000
    -1.194     1.411    -0.277     1.702    -0.080     0.001     0.999     2.000
     0.777    -1.872    -1.864     1.702     0.491     0.002     0.998     2.000
     0.777     0.674     3.161    -1.117     2.203     1.000     0.000     1.000
     0.558    -0.934     0.252    -1.710     0.206     0.993     0.007     1.000
    -1.194    -1.068     0.252    -0.820    -0.936     0.729     0.271     1.000
    -0.099     0.004     0.252     0.367    -0.365     0.149     0.851     2.000
    -0.975     0.607     1.045     0.515     0.491     0.208     0.792     2.000
    -0.537    -0.599     0.252    -0.672    -0.365     0.749     0.251     1.000
     0.558    -0.130     1.045    -0.969     1.918     0.991     0.009     1.000
    -1.413     1.814    -0.013    -0.227    -0.650     0.095     0.905     2.000
     0.996    -0.934     0.781     1.554     5.627     0.610     0.390     1.000
    -0.318     0.406     0.781     0.960    -0.080     0.059     0.941     2.000
     0.996    -0.264     1.045     0.367     1.918     0.811     0.189     1.000
    -0.975     1.143     1.045    -0.672     1.062     0.878     0.122     1.000
     0.996    -0.666    -1.071     0.960    -0.080     0.018     0.982     2.000
     0.558    -0.063    -0.013     0.664    -0.936     0.055     0.945     2.000
     2.091    -2.542     2.632    -0.820    -0.080     0.999     0.001     1.000
     0.777    -1.269     0.781     0.070    -0.650     0.665     0.335     1.000
    -0.975     0.339     0.252     1.702     0.206     0.003     0.997     2.000
     1.215     0.138    -1.600    -0.523    -0.080     0.276     0.724     2.000
    -0.099     0.942     0.781    -0.672     1.062     0.901     0.099     1.000
    -2.728     0.473    -0.542    -0.969    -0.365     0.286     0.714     2.000
     0.339    -1.068    -1.335     0.515    -0.936     0.020     0.980     2.000
     0.339    -0.666    -0.542     0.515    -0.365     0.066     0.934     2.000
     0.120    -0.197    -0.542     0.070     0.491     0.219     0.781     2.000
    -0.537     1.277     0.781     0.218     0.206     0.246     0.754     2.000
     0.120    -1.537    -0.277     0.218    -0.365     0.228     0.772     2.000
    -0.756    -1.202     0.781    -0.078    -1.506     0.416     0.584     2.000
     0.339    -0.800    -0.277     0.664     0.491     0.107     0.893     2.000
     1.653     0.138     0.252     0.070     0.491     0.626     0.374     1.000
     0.339     0.607    -0.542     0.367     0.491     0.090     0.910     2.000
    -0.318    -0.934    -0.277     0.367    -0.365     0.105     0.895     2.000
    -0.756    -0.867     0.516    -1.117     0.491     0.960     0.040     1.000
    -0.318    -2.207    -0.013    -0.672     1.062     0.922     0.078     1.000
    -0.756    -0.264    -1.600     1.257    -1.791     0.000     1.000     2.000
     0.339     1.076    -0.013     0.515    -0.080     0.071     0.929     2.000
     0.120    -0.398     1.310    -0.227     2.203     0.959     0.041     1.000
     0.558     0.808     0.252    -0.672     0.491     0.830     0.170     1.000
     0.777    -1.202    -0.542     0.218     1.062     0.380     0.620     2.000
     0.339    -1.269    -0.806    -1.117    -1.506     0.729     0.271     1.000
     0.996     0.540    -0.013     1.109     0.491     0.039     0.961     2.000
    -0.318    -0.331    -0.013     1.257    -0.365     0.011     0.989     2.000
     1.215     0.607     0.252     1.702    -0.365     0.008     0.992     2.000
     0.777    -1.202     1.045    -0.820     1.062     0.989     0.011     1.000
     2.967    -0.733    -0.806    -0.227    -0.365     0.629     0.371     1.000
    -0.318     0.004    -0.542    -0.078     1.062     0.296     0.704     2.000
     0.120     1.814    -0.277     0.367     0.491     0.066     0.934     2.000
    -0.099    -0.197    -0.806     1.109    -0.080     0.007     0.993     2.000
     0.339    -1.604    -0.542     1.702    -0.650     0.004     0.996     2.000
    -0.975     0.741     0.252    -0.672    -0.080     0.599     0.401     1.000
     0.339    -1.403     2.103    -1.562     1.632     1.000     0.000     1.000
    -0.318     0.339    -0.542     0.367    -0.650     0.037     0.963     2.000
    -0.537    -0.197    -0.806    -0.672     0.491     0.501     0.499     1.000
     0.120    -1.001     0.516    -0.820     0.491     0.949     0.051     1.000
    -0.975    -0.264     1.045    -1.117    -0.365     0.951     0.049     1.000
    -0.537    -2.408    -1.335    -0.523    -0.650     0.314     0.686     2.000
     0.777     0.272     1.045    -1.562     0.776     0.996     0.004     1.000
     1.653    -0.465     1.045     0.070     0.776     0.884     0.116     1.000
    -0.318    -0.264     0.252    -2.155     0.491     0.996     0.004     1.000
     0.339    -0.934     0.252    -0.672     0.491     0.906     0.094     1.000
     0.120     2.283    -0.542     0.960     1.347     0.013     0.987     2.000
     0.777    -2.676    -0.277     0.070     0.491     0.646     0.354     1.000
    -0.537    -0.666     0.252     1.702    -0.365     0.005     0.995     2.000
    -0.537    -0.934     0.781    -1.710     0.491     0.995     0.005     1.000
    -0.537     0.138     0.516     1.257    -0.650     0.014     0.986     2.000
    -0.975    -0.532     0.781     1.109    -0.365     0.036     0.964     2.000
     0.558    -0.130     0.781    -0.078    -0.365     0.648     0.352     1.000
     0.339    -2.006    -0.277     1.257     0.491     0.040     0.960     2.000
    -0.099    -0.130    -0.277     0.515    -0.650     0.049     0.951     2.000
    -0.537    -0.063     0.252    -1.710    -0.080     0.979     0.021     1.000
     0.558     0.674    -0.013    -0.523     0.491     0.710     0.290     1.000
    -1.194    -1.403    -1.864     1.257    -0.365     0.001     0.999     2.000
    -0.537     1.277    -0.277     0.070     0.491     0.122     0.878     2.000
    -0.756    -0.398     1.045     0.812    -0.936     0.082     0.918     2.000
    -1.194     0.674     0.781    -0.672     1.632     0.886     0.114     1.000
     0.558    -1.470    -0.806     1.702    -1.506     0.002     0.998     2.000
     0.339    -0.398    -0.542     0.070    -0.365     0.172     0.828     2.000
    -0.537     0.875    -0.542    -0.078    -0.080     0.111     0.889     2.000
     1.872    -0.063     1.310    -0.227     2.203     0.982     0.018     1.000
    -0.756    -0.398    -0.277     0.515    -0.080     0.054     0.946     2.000
     0.558     0.138    -0.013     0.664    -0.365     0.070     0.930     2.000
     1.653    -0.465     1.574    -1.562    -0.650     0.998     0.002     1.000
    -0.318    -1.202    -0.806     1.257    -1.221     0.003     0.997     2.000
    -0.537     0.942     0.516     0.367    -0.936     0.082     0.918     2.000
    -0.318     0.875    -0.013     1.405     0.206     0.006     0.994     2.000
    -0.537    -0.197    -0.806    -3.046    -0.936     0.996     0.004     1.000
     0.558     0.272     0.516     0.812    -1.221     0.054     0.946     2.000
    -0.099     0.205    -0.277    -0.672     0.776     0.722     0.278     1.000
     0.339     0.473     0.516     0.515     1.062     0.291     0.709     2.000
    -0.099    -0.197     0.516     0.218    -0.936     0.225     0.775     2.000
    -0.318    -0.331    -0.542    -0.375    -0.365     0.316     0.684     2.000
    -0.537     1.612    -0.542     1.554    -0.365     0.001     0.999     2.000
     3.624     1.545    -0.013     0.812     0.491     0.203     0.797     2.000
     0.339    -0.130     0.252    -0.672     0.491     0.869     0.131     1.000
    -0.756    -0.130     0.252    -0.672     0.491     0.781     0.219     1.000
     0.558    -0.733     0.516    -0.820    -1.221     0.883     0.117     1.000
     0.120     0.741     1.310    -0.672     0.206     0.932     0.068     1.000
     0.339    -1.805    -0.542    -0.672    -1.506     0.596     0.404     1.000
     1.653    -0.264    -0.013     0.960    -1.221     0.043     0.957     2.000
    -0.318    -1.269     1.045    -0.672     0.776     0.964     0.036     1.000
     0.339     1.411     0.516    -0.375     1.347     0.779     0.221     1.000
    -0.975     0.406     1.045    -0.375     0.776     0.792     0.208     1.000
     0.339     0.004    -1.071     0.664    -0.365     0.017     0.983     2.000
    -2.290     1.881    -0.277     0.960     0.491     0.003     0.997     2.000
     0.558    -1.001    -0.013    -1.265     0.206     0.971     0.029     1.000
     2.529     1.076     1.045    -0.672     1.062     0.982     0.018     1.000
    -0.099     0.406     0.252    -0.672     0.491     0.802     0.198     1.000
     2.310    -0.532     0.252    -0.672     0.491     0.961     0.039     1.000
     0.339     1.143    -1.071     1.702    -1.221     0.000     1.000     2.000
    -0.318    -0.465    -0.806    -0.523     1.062     0.549     0.451     1.000
    -2.071     2.015    -0.277     1.702    -0.080     0.000     1.000     2.000
    -2.071     1.814     0.781     1.405     0.776     0.006     0.994     2.000
     1.434    -0.331    -1.335    -0.672     0.491     0.618     0.382     1.000
    -0.099     0.004     1.045    -1.117     0.491     0.979     0.021     1.000
    -0.756     0.674    -0.277     0.960    -0.650     0.007     0.993     2.000
    -2.071     0.406    -2.393     0.515    -0.080     0.001     0.999     2.000
    -0.537     0.674    -1.600     0.812     0.491     0.004     0.996     2.000
     0.558    -0.264     2.368     0.515     1.347     0.904     0.096     1.000
     0.120    -0.331    -1.071    -0.969    -0.080     0.632     0.368     1.000
     0.120    -1.135    -0.542     0.515    -0.365     0.072     0.928     2.000
     1.872    -1.135    -0.806     0.218    -0.936     0.188     0.812     2.000
     0.777     0.339     0.516     1.702     0.776     0.019     0.981     2.000
     3.405    -0.867     1.045    -0.672    -0.365     0.989     0.011     1.000
     0.339    -0.130     0.252     0.367     1.062     0.362     0.638     2.000
    -0.318    -0.130    -0.013     0.812    -0.650     0.028     0.972     2.000
    -0.318    -1.537     0.781     0.367     1.347     0.644     0.356     1.000
     0.996    -0.666     1.574     0.367    -0.365     0.725     0.275     1.000
     1.434    -1.872    -0.013    -1.265     0.776     0.991     0.009     1.000
    -1.413     0.808    -0.013    -0.078    -0.080     0.137     0.863     2.000
    -1.632     1.545    -0.806     1.109    -0.080     0.001     0.999     2.000
     0.120     0.473    -0.806     1.257    -0.080     0.004     0.996     2.000
    -1.194     1.680     0.252     0.664    -1.221     0.011     0.989     2.000
    -0.318     0.272     1.045    -0.672     0.776     0.929     0.071     1.000
    -0.537     0.942     0.781     1.702     0.491     0.008     0.992     2.000
    -1.413     0.406    -0.277     1.405    -0.650     0.002     0.998     2.000
     0.996    -0.532     0.516     1.109     0.206     0.102     0.898     2.000
    -0.318     0.406    -0.277     1.554    -0.650     0.002     0.998     2.000
     0.777    -1.068     0.516    -0.672    -0.936     0.888     0.112     1.000
    -0.756     1.545    -0.277     0.664     0.776     0.025     0.975     2.000
    -0.099     0.205    -0.806     0.515     0.491     0.041     0.959     2.000
     0.120    -0.934    -2.393     1.109    -0.080     0.001     0.999     2.000
    -0.537     1.948     0.252     0.515    -0.936     0.026     0.974     2.000
    -1.194     0.607    -0.277    -0.375    -0.080     0.235     0.765     2.000
    -0.537     1.076    -0.806    -0.078    -0.080     0.074     0.926     2.000
     1.434    -0.331     1.045    -0.227     0.206     0.909     0.091     1.000
    -0.975     1.009     0.516    -0.672     0.491     0.727     0.273     1.000
     0.339    -0.532    -1.335     0.218    -1.791     0.021     0.979     2.000
    -0.537    -0.063     1.574    -0.523     1.062     0.956     0.044     1.000
    -0.099     0.473    -2.129     0.664    -0.080     0.003     0.997     2.000
    -0.975     0.138     1.045    -1.710     1.062     0.995     0.005     1.000
