    -0.975     1.411    -0.806     0.812    -0.080     0.003     0.000     0.997     3.000
    -0.099    -0.197     0.252    -0.820     0.776     0.063     0.911     0.026     2.000
    -0.318    -1.537     0.516    -1.859    -0.080     0.165     0.834     0.001     2.000
    -0.975    -1.068     0.516    -0.375    -1.506     0.318     0.440     0.242     2.000
    -1.413     0.138    -0.806     1.554     1.062     0.019     0.000     0.981     3.000
    -0.099    -1.403    -0.542     0.070    -0.080     0.211     0.028     0.761     3.000
    -0.756    -0.398     1.045    -3.046    -0.650     0.944     0.056     0.000     1.000
     0.996     0.741     0.516     0.070     1.347     0.541     0.205     0.254     1.000
    -1.194     0.942    -0.013     1.554    -1.221     0.007     0.000     0.993     3.000
    -0.756     0.473    -0.013     0.812    -0.365     0.010     0.001     0.989     3.000
    -0.099    -0.264    -0.806     0.515     0.491     0.058     0.001     0.942     3.000
     0.120    -0.532     0.252    -0.227    -1.221     0.287     0.302     0.411     3.000
     1.215    -1.336    -0.013    -0.672    -0.365     0.792     0.153     0.055     1.000
    -0.537    -0.197     1.839    -0.969     0.491     0.315     0.681     0.004     2.000
     0.558     0.942     0.516     0.515     0.491     0.100     0.040     0.860     3.000
     1.215    -0.465    -1.600     0.218    -0.080     0.558     0.000     0.442     1.000
     0.339     0.808    -0.277     1.405    -0.365     0.016     0.000     0.984     3.000
     0.120    -1.671    -1.071     0.515    -1.791     0.520     0.000     0.480     1.000
    -0.537     1.411    -0.013     0.367     0.776     0.019     0.027     0.955     3.000
     0.120     0.808     1.045    -1.562     1.632     0.138     0.862     0.000     2.000
    -0.099    -0.331     0.781     0.664    -0.936     0.145     0.019     0.836     3.000
    -0.756    -0.264    -1.335     0.218    -0.080     0.049     0.000     0.951     3.000
     1.653     0.406     0.781    -0.672    -0.650     0.832     0.127     0.041     1.000
     0.996    -1.001     0.516    -1.265     0.776     0.407     0.591     0.002     2.000
    -0.318     1.478     0.252    -0.227    -0.936     0.040     0.249     0.711     3.000
    -2.509     1.747    -0.277     0.218     1.632     0.046     0.002     0.952     3.000
    -0.099     0.741    -0.542     0.960     0.776     0.021     0.000     0.979     3.000
     0.339    -1.202    -1.071    -1.117     0.206     0.904     0.028     0.068     1.000
    -1.632    -1.068    -0.806     0.812    -0.936     0.030     0.000     0.970     3.000
     1.434     0.004     0.252    -0.078    -0.080     0.586     0.068     0.346     1.000
    -1.632     1.680    -0.277     1.702     0.491     0.003     0.000     0.997     3.000
    -1.194     1.210     1.574    -1.414     0.206     0.110     0.885     0.005     2.000
     0.120     0.138     1.045     0.812     1.632     0.623     0.030     0.347     1.000
    -0.099     1.277     0.516     0.070    -0.080     0.038     0.236     0.726     3.000
    -0.318     0.674     1.045    -0.078    -0.365     0.092     0.537     0.371     2.000
     1.434    -0.063    -0.806    -1.710    -0.650     0.991     0.004     0.004     1.000
    -0.318    -0.398     0.516    -0.820     0.206     0.043     0.935     0.022     2.000
     1.215     1.344     1.310    -0.820     3.915     0.999     0.001     0.000     1.000
    -1.413     1.948     0.252    -0.672     1.062     0.034     0.752     0.214     2.000
    -0.756    -1.470     2.897    -1.562     0.206     0.999     0.001     0.000     1.000
    -0.537     0.071    -0.542    -0.375    -0.365     0.083     0.082     0.835     3.000
    -1.194     1.076    -0.542    -1.414     0.206     0.206     0.571     0.223     2.000
    -0.537     1.009     0.781    -1.265     1.062     0.026     0.971     0.003     2.000
    -0.975     0.741     0.252    -0.672    -0.080     0.031     0.764     0.205     2.000
    -0.099     1.009     0.516    -0.672     0.491     0.030     0.914     0.055     2.000
    -0.099    -1.202    -1.335     1.702    -1.221     0.135     0.000     0.865     3.000
     0.558     0.674     3.426     0.070     1.918     1.000     0.000     0.000     1.000
     0.339     1.277    -1.071     0.812     0.776     0.032     0.000     0.968     3.000
     2.529     0.942     1.045    -0.523     0.776     0.993     0.003     0.004     1.000
    -0.099     1.948    -1.600     0.664    -0.080     0.012     0.000     0.988     3.000
     0.996     1.478     1.310     0.367    -0.936     0.475     0.025     0.499     3.000
    -0.318     0.942    -1.600     0.218     1.062     0.101     0.000     0.899     3.000
    -0.756     0.205    -0.806    -0.078    -0.936     0.047     0.004     0.950     3.000
     0.339    -1.604     1.574    -0.820     0.491     0.485     0.513     0.002     2.000
    -0.537     0.205     0.252    -0.523    -0.650     0.063     0.662     0.274     2.000
    -0.756     1.009     0.781    -1.562    -0.936     0.063     0.931     0.007     2.000
    -0.537     0.473    -2.658    -0.227    -1.221     0.650     0.000     0.350     1.000
    -2.509     0.205    -0.542     0.515    -1.506     0.023     0.000     0.977     3.000
    -0.099    -2.408     0.781    -1.117     1.632     0.277     0.722     0.000     2.000
    -0.099     0.272    -0.806     1.109     0.206     0.017     0.000     0.983     3.000
    -0.099    -0.264     0.516    -0.227    -1.506     0.298     0.356     0.347     2.000
    -0.318     0.607     0.516     0.664    -0.936     0.035     0.008     0.957     3.000
     0.558     1.411     1.310    -1.414     0.776     0.155     0.844     0.002     2.000
    -0.756     0.674    -1.600     1.702     0.491     0.017     0.000     0.983     3.000
    -1.852     0.473    -0.542     1.109    -1.791     0.016     0.000     0.984     3.000
    -1.194     1.076    -0.013     0.812     0.776     0.010     0.001     0.989     3.000
    -0.537    -0.264     0.252    -2.007    -0.936     0.268     0.729     0.002     2.000
     0.558     0.473     1.574    -2.452     0.776     0.869     0.131     0.000     1.000
    -0.099     0.339     0.516    -0.375    -0.650     0.080     0.664     0.256     2.000
     0.120     1.076    -1.864     1.702    -1.506     0.069     0.000     0.931     3.000
     0.996    -2.073    -0.542    -3.046     0.491     1.000     0.000     0.000     1.000
    -1.194    -0.063    -4.510     0.515     0.206     0.999     0.000     0.001     1.000
    -0.099     0.339    -0.013    -1.117    -0.365     0.086     0.854     0.059     2.000
     0.120    -2.073     0.252    -0.672     0.206     0.212     0.765     0.023     2.000
    -0.099     0.339    -1.335     0.070    -0.365     0.065     0.000     0.935     3.000
     1.653     0.272     0.516     0.367    -0.936     0.628     0.005     0.368     1.000
     0.120    -0.130    -0.542     0.812    -0.936     0.040     0.000     0.960     3.000
    -0.318    -0.800    -0.277    -0.227    -0.650     0.162     0.145     0.694     3.000
     1.215     1.277    -0.806     0.812     1.062     0.162     0.000     0.838     3.000
     0.339    -0.197    -0.277     0.960    -1.221     0.070     0.000     0.930     3.000
     0.339     0.540    -0.013    -0.969    -0.936     0.215     0.653     0.132     2.000
     1.215    -0.465    -1.335    -0.969    -0.080     0.946     0.001     0.054     1.000
     0.120    -0.063    -0.013    -1.414     0.491     0.122     0.869     0.010     2.000
     0.996    -0.733    -0.277     0.515    -0.650     0.269     0.002     0.729     3.000
    -0.975     1.411    -0.277    -0.078    -1.221     0.020     0.016     0.963     3.000
     0.996     0.272    -0.542     0.367    -1.221     0.198     0.001     0.801     3.000
    -0.975     0.674    -0.013     0.218    -0.650     0.016     0.018     0.966     3.000
    -1.194     0.674    -0.542     0.515     1.062     0.022     0.001     0.977     3.000
    -0.537    -2.810    -0.013     0.664    -2.077     0.780     0.001     0.218     1.000
    -0.756     0.071    -0.806     1.702    -0.936     0.012     0.000     0.988     3.000
    -0.099     0.674    -0.806     0.218    -0.080     0.027     0.002     0.971     3.000
     0.120     1.344    -0.806     0.664    -0.080     0.012     0.000     0.988     3.000
    -0.537     0.071     0.516    -0.820    -0.650     0.050     0.893     0.056     2.000
    -0.756     0.339    -0.806     1.257     1.632     0.069     0.000     0.931     3.000
     1.434     0.272     1.574    -0.672     0.491     0.885     0.109     0.006     1.000
     1.215     0.205     2.103    -1.265    -0.936     0.988     0.012     0.000     1.000
    -0.318     0.339    -0.013     0.664    -0.365     0.019     0.003     0.978     3.000
     0.339    -1.269     1.574    -1.562     1.632     0.698     0.302     0.000     1.000
     2.748     0.406    -0.277     0.515     1.062     0.958     0.000     0.042     1.000
    -0.756    -0.331    -0.542     0.515    -0.080     0.023     0.001     0.976     3.000
    -0.099     0.339    -1.071     1.702    -0.080     0.016     0.000     0.984     3.000
    -0.537     0.205     0.252     0.515     0.206     0.030     0.026     0.944     3.000
     1.215     0.004     0.516    -1.414     0.491     0.453     0.543     0.004     2.000
     1.653     0.071    -0.013    -0.672     0.206     0.829     0.087     0.084     1.000
    -0.537    -1.135    -2.129     0.664    -2.647     0.897     0.000     0.103     1.000
     1.653    -1.604    -2.129     0.515    -2.077     0.992     0.000     0.008     1.000
    -0.756     0.071    -0.013     0.070    -0.080     0.036     0.086     0.879     3.000
     0.120    -1.135    -0.542    -0.078    -2.933     0.959     0.001     0.040     1.000
    -0.756     0.339     0.781    -0.969    -1.221     0.089     0.873     0.038     2.000
    -0.099    -0.666     0.516    -0.969    -1.221     0.180     0.795     0.025     2.000
     0.558    -2.140     0.252    -0.969    -0.080     0.359     0.633     0.009     2.000
     2.748    -1.269    -1.864    -1.117    -1.791     1.000     0.000     0.000     1.000
    -0.537    -0.197    -0.013    -0.078     0.776     0.099     0.319     0.582     3.000
    -0.099    -0.264    -1.071     0.070    -0.080     0.090     0.001     0.909     3.000
     0.339     0.875    -0.542     0.812    -0.080     0.019     0.000     0.981     3.000
    -0.975    -0.197    -0.542     0.664     0.206     0.017     0.001     0.983     3.000
    -0.099    -0.733     1.045    -1.414    -0.365     0.107     0.892     0.002     2.000
    -1.413     1.210    -1.071     0.070    -0.936     0.013     0.000     0.987     3.000
     0.777    -0.599    -0.277    -1.710    -2.362     0.991     0.008     0.001     1.000
    -1.194     1.411    -0.277     1.702    -0.080     0.003     0.000     0.997     3.000
     0.777    -1.872    -1.864     1.702     0.491     0.698     0.000     0.302     1.000
     0.777     0.674     3.161    -1.117     2.203     1.000     0.000     0.000     1.000
     0.558    -0.934     0.252    -1.710     0.206     0.300     0.699     0.002     2.000
    -1.194    -1.068     0.252    -0.820    -0.936     0.164     0.727     0.109     2.000
    -0.099     0.004     0.252     0.367    -0.365     0.056     0.046     0.898     3.000
    -0.975     0.607     1.045     0.515     0.491     0.072     0.071     0.857     3.000
    -0.537    -0.599     0.252    -0.672    -0.365     0.073     0.824     0.103     2.000
     0.558    -0.130     1.045    -0.969     1.918     0.377     0.622     0.001     2.000
    -1.413     1.814    -0.013    -0.227    -0.650     0.013     0.056     0.931     3.000
     0.996    -0.934     0.781     1.554     5.627     1.000     0.000     0.000     1.000
    -0.318     0.406     0.781     0.960    -0.080     0.041     0.004     0.954     3.000
     0.996    -0.264     1.045     0.367     1.918     0.946     0.028     0.026     1.000
    -0.975     1.143     1.045    -0.672     1.062     0.039     0.934     0.027     2.000
     0.996    -0.666    -1.071     0.960    -0.080     0.194     0.000     0.806     3.000
     0.558    -0.063    -0.013     0.664    -0.936     0.096     0.002     0.902     3.000
     2.091    -2.542     2.632    -0.820    -0.080     1.000     0.000     0.000     1.000
     0.777    -1.269     0.781     0.070    -0.650     0.645     0.158     0.197     1.000
    -0.975     0.339     0.252     1.702     0.206     0.012     0.000     0.988     3.000
     1.215     0.138    -1.600    -0.523    -0.080     0.783     0.000     0.217     1.000
    -0.099     0.942     0.781    -0.672     1.062     0.041     0.938     0.021     2.000
    -2.728     0.473    -0.542    -0.969    -0.365     0.201     0.014     0.785     3.000
     0.339    -1.068    -1.335     0.515    -0.936     0.235     0.000     0.765     3.000
     0.339    -0.666    -0.542     0.515    -0.365     0.094     0.002     0.904     3.000
     0.120    -0.197    -0.542     0.070     0.491     0.124     0.026     0.850     3.000
    -0.537     1.277     0.781     0.218     0.206     0.036     0.200     0.764     3.000
     0.120    -1.537    -0.277     0.218    -0.365     0.243     0.032     0.725     3.000
    -0.756    -1.202     0.781    -0.078    -1.506     0.420     0.286     0.294     1.000
     0.339    -0.800    -0.277     0.664     0.491     0.137     0.004     0.859     3.000
     1.653     0.138     0.252     0.070     0.491     0.701     0.027     0.273     1.000
     0.339     0.607    -0.542     0.367     0.491     0.054     0.004     0.942     3.000
    -0.318    -0.934    -0.277     0.367    -0.365     0.075     0.013     0.913     3.000
    -0.756    -0.867     0.516    -1.117     0.491     0.044     0.950     0.006     2.000
    -0.318    -2.207    -0.013    -0.672     1.062     0.284     0.695     0.021     2.000
    -0.756    -0.264    -1.600     1.257    -1.791     0.091     0.000     0.909     3.000
     0.339     1.076    -0.013     0.515    -0.080     0.027     0.007     0.966     3.000
     0.120    -0.398     1.310    -0.227     2.203     0.700     0.295     0.005     1.000
     0.558     0.808     0.252    -0.672     0.491     0.107     0.795     0.098     2.000
     0.777    -1.202    -0.542     0.218     1.062     0.637     0.010     0.353     1.000
     0.339    -1.269    -0.806    -1.117    -1.506     0.943     0.020     0.037     1.000
     0.996     0.540    -0.013     1.109     0.491     0.097     0.000     0.902     3.000
    -0.318    -0.331    -0.013     1.257    -0.365     0.024     0.000     0.976     3.000
     1.215     0.607     0.252     1.702    -0.365     0.118     0.000     0.882     3.000
     0.777    -1.202     1.045    -0.820     1.062     0.404     0.594     0.003     2.000
     2.967    -0.733    -0.806    -0.227    -0.365     0.993     0.000     0.007     1.000
    -0.318     0.004    -0.542    -0.078     1.062     0.161     0.072     0.767     3.000
     0.120     1.814    -0.277     0.367     0.491     0.018     0.008     0.974     3.000
    -0.099    -0.197    -0.806     1.109    -0.080     0.023     0.000     0.977     3.000
     0.339    -1.604    -0.542     1.702    -0.650     0.156     0.000     0.844     3.000
    -0.975     0.741     0.252    -0.672    -0.080     0.031     0.764     0.205     2.000
     0.339    -1.403     2.103    -1.562     1.632     0.963     0.037     0.000     1.000
    -0.318     0.339    -0.542     0.367    -0.650     0.023     0.002     0.975     3.000
    -0.537    -0.197    -0.806    -0.672     0.491     0.267     0.132     0.601     3.000
     0.120    -1.001     0.516    -0.820     0.491     0.088     0.900     0.012     2.000
    -0.975    -0.264     1.045    -1.117    -0.365     0.059     0.932     0.009     2.000
    -0.537    -2.408    -1.335    -0.523    -0.650     0.788     0.002     0.210     1.000
     0.777     0.272     1.045    -1.562     0.776     0.255     0.745     0.001     2.000
     1.653    -0.465     1.045     0.070     0.776     0.940     0.024     0.036     1.000
    -0.318    -0.264     0.252    -2.155     0.491     0.197     0.802     0.001     2.000
     0.339    -0.934     0.252    -0.672     0.491     0.159     0.802     0.039     2.000
     0.120     2.283    -0.542     0.960     1.347     0.024     0.000     0.976     3.000
     0.777    -2.676    -0.277     0.070     0.491     0.849     0.032     0.119     1.000
    -0.537    -0.666     0.252     1.702    -0.365     0.036     0.000     0.964     3.000
    -0.537    -0.934     0.781    -1.710     0.491     0.079     0.921     0.001     2.000
    -0.537     0.138     0.516     1.257    -0.650     0.025     0.000     0.975     3.000
    -0.975    -0.532     0.781     1.109    -0.365     0.053     0.001     0.946     3.000
     0.558    -0.130     0.781    -0.078    -0.365     0.273     0.417     0.310     2.000
     0.339    -2.006    -0.277     1.257     0.491     0.302     0.000     0.698     3.000
    -0.099    -0.130    -0.277     0.515    -0.650     0.038     0.003     0.958     3.000
    -0.537    -0.063     0.252    -1.710    -0.080     0.072     0.924     0.004     2.000
     0.558     0.674    -0.013    -0.523     0.491     0.164     0.568     0.268     2.000
    -1.194    -1.403    -1.864     1.257    -0.365     0.094     0.000     0.906     3.000
    -0.537     1.277    -0.277     0.070     0.491     0.020     0.040     0.940     3.000
    -0.756    -0.398     1.045     0.812    -0.936     0.132     0.008     0.859     3.000
    -1.194     0.674     0.781    -0.672     1.632     0.073     0.905     0.022     2.000
     0.558    -1.470    -0.806     1.702    -1.506     0.338     0.000     0.662     3.000
     0.339    -0.398    -0.542     0.070    -0.365     0.136     0.014     0.850     3.000
    -0.537     0.875    -0.542    -0.078    -0.080     0.025     0.021     0.955     3.000
     1.872    -0.063     1.310    -0.227     2.203     0.997     0.003     0.000     1.000
    -0.756    -0.398    -0.277     0.515    -0.080     0.026     0.004     0.970     3.000
     0.558     0.138    -0.013     0.664    -0.365     0.065     0.003     0.932     3.000
     1.653    -0.465     1.574    -1.562    -0.650     0.981     0.019     0.000     1.000
    -0.318    -1.202    -0.806     1.257    -1.221     0.076     0.000     0.924     3.000
    -0.537     0.942     0.516     0.367    -0.936     0.030     0.034     0.935     3.000
    -0.318     0.875    -0.013     1.405     0.206     0.009     0.000     0.991     3.000
    -0.537    -0.197    -0.806    -3.046    -0.936     0.999     0.001     0.000     1.000
     0.558     0.272     0.516     0.812    -1.221     0.144     0.003     0.854     3.000
    -0.099     0.205    -0.277    -0.672     0.776     0.150     0.630     0.220     2.000
     0.339     0.473     0.516     0.515     1.062     0.195     0.076     0.728     3.000
    -0.099    -0.197     0.516     0.218    -0.936     0.131     0.117     0.751     3.000
    -0.318    -0.331    -0.542    -0.375    -0.365     0.137     0.100     0.762     3.000
    -0.537     1.612    -0.542     1.554    -0.365     0.003     0.000     0.997     3.000
     3.624     1.545    -0.013     0.812     0.491     0.984     0.000     0.016     1.000
     0.339    -0.130     0.252    -0.672     0.491     0.109     0.830     0.060     2.000
    -0.756    -0.130     0.252    -0.672     0.491     0.045     0.874     0.081     2.000
     0.558    -0.733     0.516    -0.820    -1.221     0.407     0.558     0.035     2.000
     0.120     0.741     1.310    -0.672     0.206     0.094     0.882     0.024     2.000
     0.339    -1.805    -0.542    -0.672    -1.506     0.880     0.039     0.081     1.000
     1.653    -0.264    -0.013     0.960    -1.221     0.509     0.000     0.491     1.000
    -0.318    -1.269     1.045    -0.672     0.776     0.104     0.889     0.007     2.000
     0.339     1.411     0.516    -0.375     1.347     0.111     0.794     0.095     2.000
    -0.975     0.406     1.045    -0.375     0.776     0.063     0.854     0.083     2.000
     0.339     0.004    -1.071     0.664    -0.365     0.051     0.000     0.949     3.000
    -2.290     1.881    -0.277     0.960     0.491     0.003     0.000     0.997     3.000
     0.558    -1.001    -0.013    -1.265     0.206     0.307     0.681     0.011     2.000
     2.529     1.076     1.045    -0.672     1.062     0.995     0.003     0.002     1.000
    -0.099     0.406     0.252    -0.672     0.491     0.048     0.875     0.077     2.000
     2.310    -0.532     0.252    -0.672     0.491     0.987     0.006     0.007     1.000
     0.339     1.143    -1.071     1.702    -1.221     0.023     0.000     0.977     3.000
    -0.318    -0.465    -0.806    -0.523     1.062     0.446     0.111     0.443     1.000
    -2.071     2.015    -0.277     1.702    -0.080     0.001     0.000     0.999     3.000
    -2.071     1.814     0.781     1.405     0.776     0.011     0.000     0.989     3.000
     1.434    -0.331    -1.335    -0.672     0.491     0.932     0.000     0.068     1.000
    -0.099     0.004     1.045    -1.117     0.491     0.051     0.946     0.003     2.000
    -0.756     0.674    -0.277     0.960    -0.650     0.007     0.000     0.993     3.000
    -2.071     0.406    -2.393     0.515    -0.080     0.077     0.000     0.923     3.000
    -0.537     0.674    -1.600     0.812     0.491     0.024     0.000     0.976     3.000
     0.558    -0.264     2.368     0.515     1.347     0.996     0.001     0.003     1.000
     0.120    -0.331    -1.071    -0.969    -0.080     0.647     0.040     0.312     1.000
     0.120    -1.135    -0.542     0.515    -0.365     0.113     0.002     0.885     3.000
     1.872    -1.135    -0.806     0.218    -0.936     0.863     0.000     0.136     1.000
     0.777     0.339     0.516     1.702     0.776     0.185     0.000     0.815     3.000
     3.405    -0.867     1.045    -0.672    -0.365     1.000     0.000     0.000     1.000
     0.339    -0.130     0.252     0.367     1.062     0.252     0.107     0.640     3.000
    -0.318    -0.130    -0.013     0.812    -0.650     0.026     0.001     0.972     3.000
    -0.318    -1.537     0.781     0.367     1.347     0.567     0.252     0.181     1.000
     0.996    -0.666     1.574     0.367    -0.365     0.900     0.016     0.084     1.000
     1.434    -1.872    -0.013    -1.265     0.776     0.912     0.086     0.001     1.000
    -1.413     0.808    -0.013    -0.078    -0.080     0.019     0.062     0.920     3.000
    -1.632     1.545    -0.806     1.109    -0.080     0.002     0.000     0.998     3.000
     0.120     0.473    -0.806     1.257    -0.080     0.016     0.000     0.984     3.000
    -1.194     1.680     0.252     0.664    -1.221     0.007     0.001     0.991     3.000
    -0.318     0.272     1.045    -0.672     0.776     0.050     0.935     0.015     2.000
    -0.537     0.942     0.781     1.702     0.491     0.028     0.000     0.971     3.000
    -1.413     0.406    -0.277     1.405    -0.650     0.005     0.000     0.995     3.000
     0.996    -0.532     0.516     1.109     0.206     0.307     0.001     0.692     3.000
    -0.318     0.406    -0.277     1.554    -0.650     0.011     0.000     0.989     3.000
     0.777    -1.068     0.516    -0.672    -0.936     0.495     0.462     0.043     1.000
    -0.756     1.545    -0.277     0.664     0.776     0.009     0.002     0.990     3.000
    -0.099     0.205    -0.806     0.515     0.491     0.038     0.001     0.962     3.000
     0.120    -0.934    -2.393     1.109    -0.080     0.410     0.000     0.590     3.000
    -0.537     1.948     0.252     0.515    -0.936     0.009     0.006     0.985     3.000
    -1.194     0.607    -0.277    -0.375    -0.080     0.037     0.129     0.835     3.000
    -0.537     1.076    -0.806    -0.078    -0.080     0.022     0.006     0.972     3.000
     1.434    -0.331     1.045    -0.227     0.206     0.818     0.128     0.054     1.000
    -0.975     1.009     0.516    -0.672     0.491     0.023     0.888     0.089     2.000
     0.339    -0.532    -1.335     0.218    -1.791     0.450     0.000     0.550     3.000
    -0.537    -0.063     1.574    -0.523     1.062     0.225     0.761     0.014     2.000
    -0.099     0.473    -2.129     0.664    -0.080     0.090     0.000     0.910     3.000
    -0.975     0.138     1.045    -1.710     1.062     0.080     0.919     0.001     2.000
