0	0	70.05	78.52	78.77	4	4	3
0	0	59.36	72.06	75.05	1	1	1
1	0	68.47	9999	9999	2	9999	9999
1	1	61.66	70	90.01	2	2	2
1	0	69.87	74.47	80.02	1	1	1
1	0	64.22	61.9	79.07	4	4	2
1	0	60.13	9999	84.56	4	1	3
0	0	60.66	72.15	9999	4	4	9999
0	0	71.66	86.79	9999	1	2	9999
1	0	55.06	63.96	75.09	4	2	2
1	0	61.99	62.71	69.11	2	2	4
1	0	60.09	63.67	69.66	4	4	4
1	0	58.98	65.77	9999	1	3	9999
1	1	57.98	68.85	78.24	4	4	4
0	0	47.49	56.32	9999	1	2	2
0	0	55.03	54.26	68.9	1	3	1
0	1	66.3	82.49	91.44	1	3	3
1	0	50.04	9999	66.01	4	4	4
1	1	50.1	55.21	59.19	4	2	2
0	0	46.64	54.22	61.16	1	1	1
1	1	40.12	9999	9999	3	9999	9999
1	0	55.69	9999	64.75	4	2	1
0	0	47.3	36.89	57.4	4	2	2
0	0	49.28	31.45	9999	1	1	9999
1	1	44.11	9999	9999	4	9999	9999
0	0	51.78	62.25	9999	4	4	9999
0	1	47.81	43.23	9999	4	1	9999
1	1	49.73	61.09	67.63	3	2	4
1	1	47.33	54.61	9999	4	3	9999
0	0	42.58	46.75	9999	1	2	9999
0	0	48.33	46.61	9999	1	1	9999
0	0	36.17	9999	9999	1	9999	9999
1	0	67.35	78.21	9999	1	1	3
0	0	44.24	45.14	52.57	1	1	1
0	9999	43.59	9999	27.01	4	2	2
1	0	9999	9999	9999	3	9999	9999
0	0	40.21	9999	9999	2	9999	9999
1	0	49.85	9999	9999	1	1	9999
1	1	52.57	55.21	56.85	4	2	4
0	1	35.06	48.05	9999	4	9999	9999
1	1	46.66	9999	9999	1	9999	9999
1	0	57.68	9999	9999	4	9999	9999
0	0	57.58	71.65	9999	1	9999	9999
1	0	36.78	43.51	50.27	1	1	2
1	1	44.06	39.89	36.18	1	3	3
0	1	36.86	57.5	9999	3	1	9999
1	0	57.84	9999	9999	4	9999	9999
0	1	41.62	46.97	9999	1	1	9999
1	1	35.41	48.57	37.24	3	4	9999
1	1	32.04	9999	51.34	1	1	1
1	1	60.08	82.14	79.43	1	1	1
0	0	42.35	9999	9999	4	9999	9999
1	1	39.9	9999	80.4	3	9999	1
0	0	39.06	9999	9999	3	1	9999
1	0	37.75	49.83	9999	1	9999	9999
0	0	40.29	48.71	9999	1	4	9999
0	1	55.28	73.48	80.76	4	3	1
0	0	41.37	9999	9999	1	9999	9999
0	0	47.01	9999	9999	1	9999	9999
0	1	54.29	55.44	67.69	1	1	3
0	0	40.86	9999	9999	3	9999	9999
0	1	35.29	59.73	9999	4	4	9999
1	1	43.04	40.74	51.39	4	4	4
0	0	47.89	58.92	9999	1	4	9999
1	9999	34.91	9999	9999	3	9999	9999
0	1	52.62	63.33	69.74	1	4	4
1	1	42.96	52.17	9999	4	4	4
1	0	48.63	48.46	9999	4	1	1
1	1	30.47	9999	9999	1	9999	9999
1	1	47.71	9999	9999	4	9999	9999
1	1	38.18	9999	9999	1	9999	9999
1	1	30.4	36.99	9999	3	4	3
0	1	38.89	48.88	37.41	1	1	1
1	1	51	57.65	9999	3	3	9999
0	1	35.53	9999	9999	1	9999	9999
0	1	45.06	9999	9999	1	9999	9999
1	1	33.6	44.29	9999	1	4	9999
1	0	35.03	53.47	9999	3	1	9999
1	1	42.17	54.13	9999	4	4	9999
1	1	43.56	9999	9999	4	1	9999
1	1	32.71	9999	9999	1	9999	9999
0	1	33.26	41.99	45.78	3	1	4
0	1	51.42	65.46	9999	1	2	4
0	1	43.61	60.35	9999	3	4	9999
1	0	68.15	89.89	91.3	4	4	1
1	0	62.13	76.57	9999	2	4	9999
1	0	63.53	76.12	9999	2	4	4
0	0	38.93	9999	47.39	2	9999	2
1	0	58.21	70.89	9999	4	2	9999
1	0	59.35	80.96	93.3	4	3	3
0	0	46.69	72.37	9999	4	4	9999
0	0	59.66	73.01	9999	1	1	9999
0	0	69.87	9999	9999	4	9999	9999
1	0	55.17	64.78	9999	4	4	9999
0	0	58.23	68.88	78.95	1	1	1
0	0	48.12	9999	9999	1	9999	9999
1	0	54.6	9999	9999	2	9999	9999
1	0	54.41	9999	9999	3	9999	1
0	0	75.93	93.14	9999	3	1	9999
0	0	62.01	95.26	9999	1	1	1
0	0	38.07	9999	9999	2	9999	9999
1	0	53.06	65.84	9999	4	2	9999
1	0	53.94	62.47	64.48	4	1	2
1	0	42.23	59.33	45.5	4	2	2
1	0	60.53	9999	9999	2	4	9999
1	0	62.03	63.49	9999	4	9999	4
1	0	71.91	88.87	91.45	4	1	4
1	0	41.4	9999	50.3	1	9999	4
0	0	67.51	75.57	9999	3	1	9999
0	0	66.67	85.73	9999	1	4	2
0	0	57.42	65.09	9999	4	1	9999
0	0	60.57	52.07	9999	4	1	4
0	0	52.08	65.12	64.51	1	1	9999
1	0	73.33	74.52	9999	2	4	9999
1	0	50.39	57.35	9999	4	4	9999
1	0	52.03	68.25	9999	4	2	2
0	0	50.78	78.34	87.43	4	3	1
0	0	67.21	82.67	99.3	4	1	1
0	0	58.54	85.55	88.62	4	1	1
1	0	48.74	53.72	9999	4	3	3
1	0	46.07	9999	9999	4	9999	4
1	0	42.1	55.14	9999	4	2	2
1	0	54.19	9999	9999	4	9999	9999
1	0	62.62	71.76	9999	4	4	1
1	0	57.9	63.21	9999	1	2	9999
1	0	59.76	67.87	9999	4	3	1
1	0	48.43	66.77	9999	3	4	9999
1	0	58.26	9999	9999	1	3	9999
1	0	58.55	64.02	9999	1	1	3
1	0	64.5	75.31	9999	4	1	9999
0	0	53.6	82	9999	1	1	4
1	0	73.65	83.71	93.02	1	1	1
0	0	53.61	75.37	9999	4	1	9999
1	0	59.15	67.5	9999	4	3	2
0	0	64.81	71.56	81.63	1	3	9999
0	0	66.83	84.31	89.21	3	1	1
0	0	71.56	80.8	89.81	1	1	1
0	0	74.01	85.1	90.83	3	3	1
0	0	71.19	77.58	9999	4	2	3
1	1	72.35	78.1	87.92	1	3	3
1	0	61.83	9999	9999	1	9999	1
1	0	71.79	9999	9999	1	9999	9999
1	0	67.21	81.43	9999	4	3	3
1	0	67.82	80.38	85.2	4	4	4
1	0	74.19	88.48	9999	1	1	1
1	0	69.51	78.66	82.25	1	3	1
0	0	60.66	9999	9999	1	9999	9999
1	0	62.29	73.62	79.59	1	4	1
1	1	64.54	71.86	9999	4	1	9999
0	0	56.33	77.74	82.8	4	2	3
0	0	53.34	69.3	71.93	1	4	4
0	0	42.65	59.7	9999	4	1	9999
0	0	53.18	70.94	85.52	1	1	3
0	1	37.21	9999	9999	2	9999	9999
1	0	62.91	70.71	74.42	1	1	3
1	1	55.86	9999	9999	3	2	9999
1	0	61.65	69.27	72.01	1	1	1
1	0	51.41	62.17	9999	1	1	9999
0	0	57.96	59.2	68.57	2	4	3
0	0	58.33	74.42	79.91	1	4	1
1	0	57.77	57.85	61.64	1	4	3
1	0	51.54	9999	9999	1	1	9999
1	0	54.42	9999	63.26	3	4	4
0	0	53.57	9999	9999	1	2	9999
0	9999	38.57	9999	9999	3	9999	9999
1	0	40.16	9999	57.77	1	1	1
1	0	46.52	9999	9999	1	1	9999
1	0	49.19	9999	9999	4	1	9999
0	0	59.11	74.87	74.06	1	1	1
0	1	47.8	9999	9999	1	9999	9999
1	0	54.66	9999	9999	3	9999	9999
0	0	81.21	95.26	9999	1	1	9999
1	0	56.4	73.27	9999	1	1	9999
1	0	70.89	82.28	9999	3	3	3
1	0	39.23	9999	9999	4	9999	9999
1	0	9999	53.38	9999	1	1	9999
1	0	66.48	77.01	9999	3	1	9999
1	0	56.62	67.71	64.62	4	2	4
1	0	47.05	9999	9999	3	1	9999
0	0	56.55	9999	9999	2	2	4
0	0	68.4	9999	9999	4	9999	9999
1	0	58.42	75.02	77.1	1	3	3
1	1	45.93	55.83	65	2	4	3
0	0	61.07	75.9	81.12	4	4	4
0	0	54.64	69.06	69.13	2	1	4
1	1	44.95	41.76	52.25	3	1	3
0	1	52.79	9999	67.62	4	9999	4
0	0	44.31	9999	9999	3	9999	9999
0	0	52.43	9999	9999	3	4	2
0	0	54.33	61.74	9999	1	1	9999
1	1	50.31	9999	73.48	4	9999	4
0	0	64.32	9999	59.2	1	2	9999
1	1	47.44	9999	65.04	4	9999	3
0	0	48.1	9999	9999	2	9999	9999
1	1	41.12	56.63	9999	4	2	9999
0	0	53.81	70.62	9999	4	1	3
1	1	46.49	60.63	70.58	2	1	1
0	0	56.97	73.01	78.62	3	1	1
0	0	47.1	9999	9999	4	9999	9999
1	1	51.07	60.91	67.17	3	1	1
0	0	66.47	74.84	9999	1	4	9999
1	0	40.53	9999	9999	1	3	9999
0	0	51.85	9999	9999	1	2	2
1	1	63.07	75.27	9999	3	4	2
1	0	46.09	55.39	9999	1	2	3
1	0	55.8	9999	65	4	9999	1
0	0	9999	42.9	9999	2	2	9999
1	0	47.43	56.81	9999	3	3	9999
1	0	55.81	62.27	9999	4	2	9999
1	0	43.19	9999	9999	3	2	1
1	1	62.46	9999	9999	4	4	9999
1	0	46.47	9999	9999	3	9999	2
1	0	70.79	79.06	87.89	1	1	1
0	0	47.65	9999	9999	1	2	2
1	0	55.32	45.16	47.73	3	1	1
1	0	60.08	63.33	9999	3	2	9999
1	0	61.7	9999	9999	4	3	9999
1	0	63.79	9999	9999	3	4	4
1	0	49.48	68.81	71.88	1	1	1
1	0	44.41	9999	76.55	4	2	1
0	1	9999	9999	9999	3	9999	9999
0	0	9999	9999	61.12	1	1	1
1	1	37.4	53.41	9999	1	1	1
1	1	51.44	59.69	58.65	1	1	1
1	1	37.36	51.28	9999	1	4	9999
1	0	61.85	64.72	65.1	4	4	4
1	0	31.32	9999	9999	4	9999	9999
0	9999	43.22	9999	9999	1	9999	9999
1	0	46.36	9999	9999	2	9999	9999
0	0	48.57	60.06	9999	3	4	9999
0	1	42.05	49.58	9999	3	9999	9999
1	1	47.72	56.7	9999	4	4	9999
0	1	53.49	59.71	9999	4	3	9999
0	9999	63.59	69.92	9999	1	2	9999
0	0	69.48	9999	92.29	4	4	1
1	0	40.37	9999	62.27	4	9999	3
0	0	42.72	9999	9999	1	9999	9999
0	1	68.85	86.88	9999	1	3	9999
0	9999	60.5	82.18	88.94	1	3	1
0	0	65.1	9999	9999	3	9999	3
0	0	64.64	82.4	96.5	4	3	4
1	0	53.99	9999	64.75	4	9999	9999
0	1	43.1	9999	64.39	1	9999	1
0	1	39.27	46.94	9999	4	2	9999
1	0	52.87	72.56	79.41	4	1	1
0	0	53.19	64.51	72.14	4	3	1
1	1	53.41	65.11	66.69	4	4	4
1	1	59.32	9999	9999	4	9999	9999
0	0	63.15	83.81	84.02	1	1	4
1	1	55.5	67.61	73.07	3	3	4
1	1	43.92	61.63	9999	4	1	3
0	0	48.26	70.37	9999	1	1	9999
1	1	66.62	82.25	9999	2	1	9999
0	0	53.22	9999	9999	4	4	1
1	1	42.98	9999	9999	4	9999	9999
0	0	44.16	59.17	78.49	2	1	3
1	0	64.6	84.74	91.12	1	1	1
0	1	38.96	48.96	63.06	1	1	1
0	1	57.87	76.01	81.32	2	2	3
1	1	44.47	63.55	9999	1	2	9999
1	0	62	9999	9999	4	9999	9999
1	0	50.02	64.76	71.72	1	2	9999
1	1	38.02	51.9	9999	4	4	9999
1	1	36.3	57.98	9999	4	4	9999
0	0	51.78	9999	9999	1	4	9999
0	1	31.41	9999	9999	1	9999	9999
0	0	40.18	59.13	67.74	3	1	1
0	0	34.38	9999	9999	1	4	9999
1	1	44.08	49.64	9999	2	2	9999
1	0	34.21	9999	9999	3	9999	9999
0	0	32.2	9999	9999	2	9999	9999
1	0	37.25	51.3	9999	1	2	9999
1	0	42.98	9999	9999	1	4	9999
0	0	33.33	9999	9999	1	9999	9999
0	0	36.96	9999	72.56	4	1	3
0	0	36.51	49.98	55.38	2	9999	4
0	0	49.67	78.95	72.08	3	1	9999
1	0	40.39	9999	9999	1	9999	9999
1	0	37.1	32.41	40.74	3	9999	4
0	0	43.04	54.67	40.3	3	1	9999
1	0	32.54	52.62	9999	3	3	9999
1	1	47.58	58.74	9999	4	1	9999
1	1	47.43	55.81	9999	4	2	9999
1	1	59.29	75.64	84.06	4	4	1
0	0	44.32	9999	9999	4	9999	9999
1	1	51	64.31	68.39	4	1	4
0	0	67.8	80.65	86.98	1	4	1
0	0	47.2	61.41	9999	1	1	9999
0	1	46.64	9999	69.91	1	2	4
0	0	36.55	51.48	9999	3	9999	9999
0	0	32.99	9999	9999	1	9999	9999
1	1	37.2	9999	9999	3	9999	9999
0	0	56.27	70.5	9999	1	3	9999
0	0	50.35	54.29	78.54	1	4	1
1	1	44.32	62.09	68.48	2	4	4
0	1	33.91	36.04	35.9	4	3	9999
1	0	53.91	51.08	9999	2	4	9999
1	0	38.73	46.57	9999	2	2	9999
0	1	45.76	50.06	55.94	3	4	4
1	0	62.34	66.27	69.3	4	3	4
0	0	45.09	9999	9999	1	1	9999
1	0	35.5	48.61	51.17	4	3	4
0	1	69.14	72.46	9999	4	3	4
1	1	32.84	49.79	9999	1	4	4
1	1	37.01	46.72	9999	3	1	9999
0	0	43.35	66.49	80.66	1	4	4
1	0	50.49	67.27	72.39	1	3	1
0	0	69.45	81.72	87.82	4	1	1
1	1	47.83	60.77	9999	4	1	9999
1	0	62.84	75.95	9999	3	4	9999
1	0	50.25	72.54	9999	2	3	9999
0	0	44.33	9999	65.69	4	9999	4
0	1	38.88	32.62	43.35	1	3	4
0	0	34.59	39.55	9999	3	2	9999
0	0	65.86	71.87	9999	1	3	9999
0	1	54.92	77.24	9999	2	4	9999
0	0	38.05	9999	9999	4	4	9999
1	9999	39.15	36.35	9999	1	4	9999
0	0	46.87	62.34	72.31	1	2	1
1	1	44.45	54.81	9999	2	1	9999
0	0	53.91	66.73	67.17	3	3	2
0	0	64.48	9999	9999	4	9999	2
0	0	48.39	63.17	9999	1	3	9999
1	1	41.33	43.27	42.82	3	4	2
0	1	38.02	45.66	67.45	1	2	4
1	0	43.3	64.12	9999	1	1	9999
0	9999	68.92	9999	9999	4	1	9999
1	0	70.25	78.94	9999	1	9999	9999
1	0	69.8	81.54	99.3	1	1	1
1	0	61.69	73.37	9999	4	1	9999
1	0	60.28	79.03	9999	3	3	9999
1	9999	68.16	78.03	9999	1	1	1
1	0	60.75	9999	9999	2	1	9999
0	9999	70.7	9999	9999	2	9999	9999
0	0	65.89	80.73	9999	1	1	9999
0	9999	45.36	9999	9999	1	9999	9999
1	9999	63.61	77.57	92.4	1	1	1
1	0	67.74	9999	9999	1	9999	9999
1	0	82.54	91.31	92.48	1	1	1
1	0	74.66	79.85	9999	4	4	9999
1	0	50.13	66.48	9999	1	3	3
0	9999	62.46	9999	9999	2	4	9999
1	0	59.72	68.91	9999	3	3	9999
1	0	57.04	66.97	9999	4	3	3
0	0	71.24	9999	9999	1	9999	1
1	0	74.58	87.07	87.35	3	4	1
1	0	42.23	9999	9999	4	2	9999
0	9999	77.78	9999	9999	1	9999	9999
1	0	56.86	78.87	9999	3	3	9999
0	0	55.41	9999	9999	4	2	3
1	0	62.63	9999	9999	3	2	2
1	0	66.12	73.01	83.1	4	1	1
0	0	73.07	9999	9999	4	9999	9999
0	0	70.2	77.75	9999	2	3	9999
1	0	65.86	73.69	9999	4	2	9999
1	9999	63.32	60.14	9999	4	2	9999
1	0	52.3	9999	9999	4	2	9999
0	0	77.48	9999	9999	2	2	2
1	9999	54.13	71.14	82.88	3	4	2
1	0	56.71	74.82	9999	4	1	9999
1	0	43.2	9999	9999	2	9999	9999
1	0	72.48	81.25	9999	1	1	1
1	0	43.74	51.21	9999	3	3	9999
1	0	52.13	66.58	63.41	4	2	2
1	0	60.63	76.37	9999	1	1	9999
1	0	64.76	9999	9999	3	9999	9999
0	0	63.88	9999	9999	1	1	9999
0	0	68.92	80.48	9999	1	2	9999
1	9999	58.83	69.47	78.66	2	1	2
0	9999	42.64	9999	9999	2	9999	9999
1	0	76.1	9999	9999	4	9999	1
1	0	57.89	9999	9999	3	9999	9999
1	0	75.12	82.15	9999	3	3	1
1	0	56.53	9999	9999	2	9999	9999
1	0	42.96	9999	9999	3	2	9999
0	0	60.02	63.56	9999	2	2	9999
1	0	41.16	9999	9999	1	1	1
0	0	45.77	9999	9999	3	4	9999
1	0	57.72	9999	9999	2	2	2
1	0	46.76	9999	9999	2	9999	9999
1	0	55.08	9999	9999	2	2	2
1	0	60.29	9999	9999	2	2	9999
1	0	33.57	9999	9999	1	9999	9999
1	1	43.39	9999	9999	3	9999	9999
1	0	42.04	9999	9999	3	9999	9999
1	0	56.08	9999	9999	3	4	1
1	0	60.79	9999	9999	3	1	3
1	0	53.67	9999	9999	2	3	9999
1	0	57.01	9999	9999	2	2	2
1	0	48.52	78.33	9999	1	1	9999
1	0	53.42	9999	9999	3	1	4
1	1	51.62	9999	9999	4	9999	9999
1	0	48.61	9999	9999	2	3	9999
1	0	42.62	9999	9999	4	9999	9999
1	0	57.63	9999	9999	1	1	9999
1	0	59.46	9999	9999	3	3	9999
0	0	35.54	9999	9999	1	9999	9999
1	0	37.78	9999	9999	3	9999	9999
1	1	58.72	9999	9999	3	9999	9999
0	1	59.03	77.13	77.73	2	1	1
0	9999	33.83	9999	9999	3	9999	9999
0	0	41.25	9999	9999	1	3	9999
1	0	49.89	9999	9999	3	9999	9999
1	0	62.84	73.85	9999	4	4	9999
1	0	60.41	9999	9999	1	9999	9999
0	0	52.41	9999	9999	3	9999	9999
1	0	39.31	9999	9999	3	9999	9999
0	0	9999	9999	9999	3	3	2
0	1	35.49	9999	9999	3	2	4
0	0	9999	9999	9999	4	9999	9999
0	0	63.07	75.08	70.44	3	4	1
1	0	55.62	61.56	66.2	3	4	4
0	0	71.49	92.66	95.29	1	1	1
1	0	65.51	79.74	83.77	4	2	3
1	1	62.98	72.93	75.07	2	2	3
1	1	49.34	57.76	9999	1	1	9999
0	0	57.72	9999	9999	2	1	9999
1	0	65.79	75.49	79.65	1	1	1
0	0	49.29	72.73	71.49	4	2	3
0	0	49.66	52.44	9999	4	1	9999
1	9999	52.47	52.97	9999	2	2	9999
0	0	61.88	9999	89.77	3	9999	1
0	9999	44.34	50.65	9999	2	2	2
1	1	60.66	73.06	80.99	3	4	4
1	0	63.45	79.19	86.07	2	2	2
0	0	53.17	9999	9999	2	9999	9999
1	0	48.37	72.21	75.13	2	3	3
0	1	41.8	52.07	9999	1	4	9999
0	0	60.74	9999	78.72	2	9999	3
0	0	61.58	81.04	77.98	1	4	1
1	0	56.53	66.92	65.77	4	3	3
1	0	53.15	57.98	9999	4	2	9999
1	0	53.91	68.12	72	2	2	4
0	0	40.2	61.7	9999	2	3	9999
0	9999	52.41	54.53	9999	4	2	9999
1	0	65.56	87.34	89.02	1	1	1
0	0	67.02	83.14	89.1	1	4	1
1	0	52.94	9999	9999	1	4	4
1	1	57.31	65.49	74.98	1	1	4
1	0	48.56	60.67	57.18	3	2	2
1	1	58.37	75.94	80.11	2	1	1
0	1	70.76	83.67	86.47	3	4	1
1	0	64.95	76.69	9999	4	4	9999
1	9999	60.77	74.08	87.72	2	2	1
1	0	66.2	85.83	85.1	2	2	3
0	0	58.78	68.65	80.7	1	2	2
0	0	74.4	93.71	96.02	1	1	1
0	0	46.05	50.73	68.39	3	9999	1
0	1	52.57	81.26	9999	4	1	9999
1	9999	61.03	77.94	86.23	4	1	1
0	0	54.88	69.49	87.9	3	2	1
0	1	51.02	90.57	89.58	1	4	3
1	0	58	73.04	9999	4	4	9999
1	0	43.78	59.73	58.63	2	3	4
0	0	60.3	73.72	9999	3	3	9999
1	0	62.03	9999	9999	2	2	9999
0	0	79.98	92.12	95.39	1	4	3
1	0	69.79	73.6	83.9	2	4	4
1	0	65.04	73.16	9999	2	4	1
0	0	37.82	9999	9999	2	9999	9999
0	1	54.8	72.73	9999	4	2	9999
1	0	44.72	9999	9999	4	9999	9999
1	1	57.67	9999	9999	3	9999	9999
0	0	64.27	85.83	92.57	1	1	1
1	0	58.83	9999	9999	4	9999	9999
0	0	52.28	62.76	9999	4	1	9999
1	0	54.68	9999	9999	4	9999	9999
0	0	46.79	9999	9999	3	9999	9999
1	9999	52.48	9999	9999	3	9999	9999
1	0	55.1	9999	9999	4	9999	9999
1	1	51.26	50.17	9999	4	4	9999
1	0	63.62	9999	9999	3	9999	9999
1	0	56.17	9999	9999	2	9999	9999
0	0	56.18	61.36	64.61	3	4	4
1	0	60.18	9999	9999	2	9999	9999
1	0	47.07	9999	9999	2	2	9999
0	0	66.44	76.99	9999	2	3	4
1	0	62.55	9999	9999	4	9999	9999
0	0	66.48	9999	9999	1	9999	9999
1	0	57.61	72.38	78.87	4	4	4
0	0	60.48	9999	9999	1	9999	9999
0	0	68.77	9999	9999	3	9999	9999
0	0	47.94	9999	9999	4	9999	9999
0	9999	55.83	9999	9999	3	9999	9999
0	0	55.98	77.74	86.58	4	3	2
1	9999	59.3	9999	9999	3	2	9999
1	0	54.51	74.62	78.47	3	1	1
0	0	64.56	70.59	84.78	1	4	2
0	0	54.69	9999	9999	1	9999	9999
1	0	58	53.11	9999	4	3	9999
1	0	63.93	9999	9999	2	9999	9999
0	0	62.71	72.98	9999	1	4	1
0	0	75.42	80.89	9999	1	4	3
0	0	58.03	73.41	9999	1	1	9999
0	0	43.05	62.98	68.99	4	2	2
0	0	58.56	62.29	9999	1	1	9999
0	0	57.83	71	9999	3	3	2
1	0	60.52	9999	9999	2	2	9999
1	0	70.07	81.96	86.09	4	1	1
1	0	61.49	73.65	77.84	4	2	4
1	0	50.14	58.43	51.84	3	2	2
1	0	45.3	9999	9999	3	9999	9999
0	0	48.81	62.95	9999	4	1	9999
0	0	63.13	66.01	9999	2	2	9999
1	0	57.18	78.6	81.94	4	2	4
1	0	64.19	71.95	9999	4	4	9999
1	0	51.9	63	68.67	1	1	1
1	0	58.85	71.15	9999	3	3	9999
1	0	66.83	77.65	79.98	2	2	2
0	0	68.6	77.17	84.98	1	1	1
0	0	44.63	9999	9999	1	3	9999
0	0	57.05	68.17	81.06	1	1	1
0	0	70.8	93.59	9999	4	4	9999
0	0	62.46	76.6	84.54	1	1	1
0	0	56.52	77.97	9999	4	1	9999
1	0	52.63	61.22	62.97	2	2	2
0	0	39.38	45.49	9999	1	1	9999
0	1	57.44	65.33	9999	1	1	9999
0	0	71.87	88.97	97.56	4	1	1
1	0	56.39	76.14	77.94	3	1	1
0	0	54.9	67	9999	4	2	2
1	0	73.39	85.03	84.8	4	4	2
1	0	59.38	63.94	55.7	1	1	3
0	0	51.33	81.42	80.25	1	3	3
1	0	39.98	56.42	59.9	4	2	4
0	0	45.45	66.94	9999	4	4	9999
0	0	34.72	37.5	9999	1	2	9999
1	0	41.31	9999	9999	3	9999	9999
1	0	43.64	51	65.1	4	4	1
1	0	55.33	73.95	77.75	4	4	1
1	0	57.78	69.69	80.45	1	4	3
0	0	47.7	67.99	76.35	4	4	3
1	0	43.78	45.75	54.51	4	1	4
1	0	69.63	86.71	92.39	1	2	4
1	0	50.86	60.75	9999	4	2	9999
0	0	48.42	84.33	73.92	1	3	1
0	0	39.5	71.02	77.37	1	1	1
1	0	67.86	79.38	89.92	2	3	4
1	0	44.74	55.83	56.9	1	2	4
1	0	62.16	9999	9999	2	2	3
1	0	48.21	9999	9999	3	3	1
1	0	47.6	53.14	57.94	2	3	1
0	0	40.1	59.36	9999	1	4	9999
0	0	60.97	77.97	81.9	1	4	1
0	0	34.03	49.73	9999	1	3	9999
1	0	43.88	66.27	71.42	1	4	4
1	0	47.49	60.03	9999	4	3	9999
1	0	61.63	79.31	84.61	1	1	1
1	0	37.45	48.21	9999	3	2	9999
1	0	69.06	78.13	88	1	4	4
1	0	57.71	9999	65.45	4	4	2
1	0	65.79	78.65	81.68	1	2	4
0	0	53.09	9999	9999	4	9999	9999
1	1	63.46	78.39	9999	1	4	9999
1	0	67.5	77	80.33	1	9999	4
1	0	50.52	64	68.94	2	2	1
1	0	49.18	65.18	65.09	4	1	4
0	0	40.79	72.06	60.65	4	3	4
0	0	32.39	35.48	34.48	3	1	2
1	0	44.55	9999	74.57	4	4	2
1	0	47.16	9999	9999	2	2	4
1	0	44.13	56.18	9999	4	3	1
0	0	49.17	63.94	60.34	2	2	3
0	0	56.65	63.66	66.03	4	1	2
0	0	40.66	63.76	62.3	3	1	1
0	0	43.07	30.96	48.4	4	9999	3
1	0	53.43	72.73	9999	4	4	4
0	0	35.35	38.94	9999	1	2	9999
0	0	46.58	9999	9999	3	9999	9999
1	0	42.93	63.15	9999	3	3	9999
0	0	37.91	30.63	39.89	2	2	2
0	0	53.38	61.05	64.68	4	1	3
0	0	30.73	9999	9999	3	2	9999
0	0	46.15	9999	9999	2	2	9999
0	0	36.31	39.48	9999	3	3	3
0	0	48.12	49.86	69.31	2	4	2
1	1	44.63	66.07	67.31	4	1	1
1	0	48.45	9999	9999	4	4	9999
1	0	37.38	65.4	9999	3	1	9999
1	0	54.68	9999	9999	4	9999	9999
0	1	34.78	58.36	9999	3	3	2
1	1	44.86	42.14	9999	3	2	9999
0	0	40	38.79	9999	1	1	9999
0	1	45.91	32.75	55.64	3	2	2
1	9999	53.62	64.57	75.1	1	3	3
1	0	49.63	71.42	72.79	4	3	3
1	0	54.39	68.89	63.66	2	3	1
0	0	60.92	65.79	84	1	1	2
0	0	42.82	57.46	9999	1	4	9999
1	0	65.21	71.48	81.78	1	3	4
0	0	46.74	9999	68.39	4	3	4
1	1	36.13	9999	9999	4	3	9999
0	0	69.53	90.82	95.35	1	1	1
1	0	33.6	68.27	9999	1	3	9999
1	0	60.95	75.69	77.51	3	3	1
0	0	76.8	93.04	97.67	1	1	1
0	0	47.48	63.35	80.03	4	1	1
1	0	46.85	60.56	9999	4	1	4
0	0	63.19	71.51	76.93	2	3	4
0	0	55.76	66.77	79.4	3	4	3
0	0	43.79	49.83	9999	3	2	9999
1	0	46.19	66.92	9999	3	1	1
0	0	65.64	9999	90.01	1	9999	1
1	0	43.09	51.67	9999	3	3	9999
0	0	47.04	69.74	66.21	4	4	3
1	0	58.09	66.83	78.29	4	3	1
1	0	39.58	66.02	9999	2	1	1
0	0	57.94	73.75	82.93	1	4	4
0	0	52.51	68.34	75.16	3	1	1
0	0	50.7	63.07	69.47	1	1	2
1	0	54.59	55.15	63.21	4	4	4
0	0	44.4	76.59	76.22	4	4	4
0	0	54.16	67.79	70.57	4	3	3
1	0	59.5	65.09	71.39	4	2	2
1	0	61.8	73.28	72.29	3	4	3
0	0	48.72	56.7	9999	1	3	3
1	0	54.39	60.37	9999	4	4	9999
0	0	67.26	80.95	90.74	2	1	4
0	0	50.4	65.68	67.88	3	1	3
0	1	34.64	62.36	9999	4	3	3
1	0	62.14	72.12	81.38	4	4	1
1	1	54.89	62.47	59.07	4	4	2
0	0	62.09	68.75	69.09	4	3	3
1	0	55.75	70.82	70.84	3	3	3
0	0	50	65.42	73.99	3	4	2
0	0	62.41	73.5	82.37	4	1	2
0	0	60.29	68.91	83.89	3	4	3
0	0	47.73	62.42	9999	1	4	3
0	0	63.32	73.7	79.43	3	2	2
0	0	43.9	75.94	9999	3	3	9999
1	0	47.1	56.19	9999	1	2	1
1	0	36.53	9999	73.13	1	1	4
1	0	48.94	56.11	67.73	4	1	4
1	0	51.34	59.06	66.25	4	4	4
0	0	65.28	72.18	77.46	4	4	1
0	0	72.39	92.09	92.14	3	3	3
0	0	54.83	78.16	9999	1	4	3
1	0	59.31	72.89	84.38	4	4	4
1	0	58.41	72.71	81.13	2	3	3
1	9999	61.64	71.03	73.24	4	2	2
1	0	51.84	45.46	48.73	4	2	2
0	0	34.42	46.04	9999	3	4	9999
1	0	53.08	67.58	67.42	2	3	4
0	0	53.55	66.12	9999	2	3	2
1	9999	50.47	69.32	69.87	1	1	1
0	0	53.26	45.88	9999	4	1	9999
1	0	56.06	79.84	9999	1	1	9999
0	1	56.62	9999	9999	3	9999	9999
1	0	54.26	77.41	9999	4	1	9999
1	0	52.45	64.51	9999	2	2	9999
0	0	46.81	75.13	70.2	1	1	1
0	0	49.1	49.14	9999	2	1	2
0	1	38.62	56.53	58.63	1	4	3
0	9999	39.4	49.17	39.55	3	4	9999
1	9999	30.94	35.27	9999	3	4	9999
0	0	45.2	62.26	9999	1	1	1
0	0	50.53	87.3	92.29	1	1	4
0	0	32.53	41.5	9999	4	9999	1
1	0	42.34	55.37	63.55	4	3	1
1	0	53.84	70.41	9999	3	2	3
0	0	43.42	47.84	42.07	4	1	3
1	0	44.67	54.66	43.84	2	4	4
1	9999	39.95	59.81	63.89	3	4	4
1	0	50.09	68.14	72.7	1	1	1
1	0	53.87	9999	55.44	2	2	9999
1	0	57.7	78.27	78.44	3	1	1
0	9999	36.62	64.42	43.42	1	3	1
0	0	41.4	44.82	9999	4	2	1
1	0	43.39	32.02	40.94	2	2	2
0	0	53.17	9999	9999	1	9999	9999
0	0	39.02	71.06	63.31	3	1	1
1	0	48.13	64.34	9999	4	2	3
1	0	58.49	75.56	79.3	4	3	3
1	0	36.16	44.87	9999	2	2	9999
0	0	32.42	69.15	60.46	2	4	4
0	0	52.77	73.02	81.61	1	4	1
1	0	41.44	55.42	9999	3	3	2
1	0	56.09	77.28	86.04	1	4	4
0	0	59.03	60.45	58.92	3	2	4
0	0	62.25	63.72	9999	1	4	1
0	0	71.45	88.65	91.22	1	1	2
1	0	64.46	84.64	9999	1	1	9999
0	0	47.86	70.18	70.67	4	3	3
0	0	42.64	9999	9999	4	1	3
0	0	59.06	76.09	77.88	1	1	1
0	0	52.86	9999	9999	1	3	9999
0	0	50.59	69.77	69.85	1	1	4
0	0	51.75	73.12	74.67	1	1	1
1	0	45.32	59.68	9999	4	2	9999
0	0	67.88	91.15	99.3	1	1	1
1	0	53.2	71.95	71.4	4	1	1
1	0	57.72	70.06	9999	4	1	9999
1	0	47.94	70.02	62.26	4	2	2
0	0	63.38	78.13	85.05	1	1	1
0	0	61.5	79.12	91.48	1	1	1
1	0	58.09	69.45	72.32	4	4	3
0	0	49.52	71.63	9999	4	1	1
0	0	69.87	80.03	84.38	1	4	2
0	1	42.61	64.38	64.17	1	4	4
1	0	48.59	53.44	9999	3	3	2
1	0	50.31	61.96	62.06	1	3	2
0	0	29.89	9999	36.84	3	3	2
0	0	58.79	72.98	70	3	1	1
0	0	62.65	84.75	86.82	1	2	3
0	0	53.66	9999	9999	1	2	9999
1	0	49.68	60.82	9999	4	4	9999
0	0	46.01	53.88	9999	2	4	4
0	0	50.75	71.58	67.02	4	4	4
0	0	57.41	74.28	9999	4	2	3
0	0	46.98	55.39	9999	2	1	4
1	0	59.16	74.46	9999	4	2	9999
1	0	55.45	66.81	63.52	2	3	2
1	0	57.32	71.83	9999	4	1	9999
0	0	67.52	76.05	97.67	3	1	1
1	0	47.3	67.62	69.34	4	4	3
1	1	56.35	71.36	9999	1	1	4
0	0	53.29	63.29	9999	4	4	4
1	0	62.57	72.35	76.28	4	2	3
1	0	58.38	69.91	64.68	1	1	1
1	1	41.2	46.49	9999	1	4	1
1	0	45.65	73.58	78.99	4	1	3
1	0	55.71	76.45	81.54	1	1	1
0	0	52.3	69.36	85.8	4	2	4
1	0	48.61	71.1	78.58	4	4	2
0	0	34.9	56.27	67.83	4	1	3
0	0	35.81	49.56	9999	4	4	9999
1	1	46.99	9999	9999	1	9999	9999
1	0	43.45	66.13	77.66	4	3	4
1	1	58.31	9999	9999	4	9999	9999
1	0	51.7	67.27	9999	2	2	9999
0	1	9999	42.92	40.81	4	2	9999
0	0	43.41	69.4	69.47	4	1	1
1	0	51.29	74.51	78.48	4	3	1
0	0	38.66	47.56	9999	4	3	4
0	0	43.56	66.19	9999	2	1	9999
1	0	44.84	65.65	9999	4	4	9999
1	0	58.02	67.07	71.18	4	3	3
0	0	43.41	59.25	64.21	3	4	3
1	0	53.53	78.8	83.78	4	1	1
0	0	9999	71.42	9999	4	4	9999
0	0	51.93	55.63	59.76	4	4	9999
0	1	9999	77.36	88.5	1	1	1
0	0	54.21	91.92	97.69	1	3	1
0	1	51.95	9999	68.71	1	3	3
1	1	34.89	33.37	9999	4	4	9999
1	1	9999	9999	9999	4	3	9999
0	0	36.47	42.02	52.72	4	2	2
1	0	9999	71.38	9999	4	3	9999
1	0	34.93	9999	9999	4	3	9999
1	0	35.43	63.33	9999	4	3	9999
1	0	9999	81.16	9999	3	1	9999
0	0	32.3	37.95	53.31	3	3	2
0	0	73.75	93.27	94	1	3	3
1	0	55.82	61.83	9999	1	4	1
0	0	57.94	75.64	9999	4	1	1
0	0	61.6	78.78	9999	4	1	9999
1	0	59.72	70.31	9999	3	3	9999
0	0	40.15	73.6	9999	4	2	9999
0	0	55.85	50.95	9999	1	2	9999
1	0	45.82	64.35	69.19	4	2	4
0	0	35.7	9999	9999	4	9999	9999
1	0	74.04	85.43	9999	1	3	3
0	0	49.95	64.97	9999	3	3	3
0	0	74.64	89.06	91.28	1	1	1
0	0	68.61	86.32	88.29	1	3	3
1	0	73.79	84.38	88.72	1	1	1
0	9999	61.67	73.47	9999	2	1	9999
1	0	55.66	78.22	9999	4	4	1
1	0	57.4	67.96	9999	4	1	9999
0	0	64.46	87.32	97.56	1	3	3
0	0	66.12	68.85	9999	4	3	3
0	0	58.87	9999	9999	1	9999	9999
1	9999	42.1	48.16	41.4	3	2	2
1	0	51.57	67.52	9999	1	4	9999
0	0	66.58	75.57	9999	3	1	3
1	0	54.25	80	9999	4	1	9999
1	0	60.83	9999	9999	4	3	1
0	0	40.44	50.26	9999	4	1	9999
1	0	51.79	74.64	9999	1	3	2
0	9999	9999	73.32	81.43	1	1	3
1	0	53.05	9999	9999	1	4	9999
0	9999	50.06	72.89	67.49	1	1	3
1	0	63.16	80.82	86.53	4	4	4
0	0	70.61	87.79	9999	4	3	1
0	0	52.46	60.39	9999	1	1	9999
1	0	62.91	73.13	9999	4	2	2
0	9999	57.41	79.75	9999	4	9999	2
0	0	64.74	81	82.69	4	3	2
1	0	57.51	72.96	9999	4	4	9999
1	0	61.99	66.46	9999	4	4	9999
0	1	35.02	69.52	69.53	3	4	2
0	9999	53.32	72.54	9999	1	4	9999
1	0	65.79	84.97	9999	4	2	3
1	0	57.4	76.44	9999	2	2	9999
0	0	44	42.73	9999	1	4	9999
0	0	69.77	84.17	9999	2	4	9999
0	0	35.56	40.25	9999	1	3	9999
1	0	56.12	9999	9999	4	4	4
1	0	63.01	76.71	77.59	4	2	2
1	0	67.72	9999	9999	1	3	9999
1	0	58.05	74.64	9999	3	3	9999
1	0	61.73	76.12	9999	1	4	3
0	0	53.44	78.45	76.26	4	4	4
0	0	53.09	66.01	72.08	2	1	1
0	0	50.38	73.96	9999	3	2	9999
1	1	47.83	63.34	70.33	1	1	1
1	0	45.48	65.28	9999	1	4	3
0	0	56.3	76.35	71.82	4	4	2
0	9999	9999	9999	70.37	1	2	4
0	0	34.74	34.96	9999	1	9999	9999
0	0	61.93	77.1	87.29	1	1	3
0	0	46.1	63.59	9999	1	1	2
0	0	53.01	9999	9999	3	2	9999
1	1	41.69	44.3	9999	4	1	9999
1	1	50.61	67.96	9999	3	1	9999
1	1	40.05	9999	9999	1	9999	9999
1	0	56.55	64.2	64.68	4	3	1
0	1	47.99	9999	9999	1	2	1
0	0	53.29	59.03	9999	1	4	2
0	1	39.22	31.9	9999	2	3	9999
1	0	51.2	64.69	64.97	4	4	3
0	0	31.02	9999	9999	2	9999	9999
0	0	40.14	39.54	55.53	3	3	2
1	9999	44.84	60.06	35.71	4	1	2
1	1	43.64	53.35	47.67	1	2	2
0	0	49.74	59.48	9999	1	4	9999
1	1	44.34	54.83	9999	2	2	9999
0	0	56.38	64.38	9999	3	2	9999
0	1	45.5	69.08	9999	3	3	4
0	1	55.23	65.87	60.07	1	2	2
0	0	49.2	67.72	59.55	4	3	1
1	0	38.12	41.36	9999	1	4	9999
1	1	47.85	66.77	66.28	1	1	3
0	9999	56.22	68.79	63.4	2	3	2
0	1	53.66	62.29	73.84	1	1	1
0	1	61.3	76.02	69.9	4	3	1
1	0	56.74	9999	83.83	1	9999	4
1	0	59.18	75.38	9999	4	4	4
0	0	35.14	52.8	9999	4	3	9999
1	0	63.11	79.66	84.56	1	1	4
0	1	34.75	58.03	9999	1	2	9999
1	0	65.93	82.91	9999	4	4	9999
1	0	60.05	64.59	68.86	2	1	3
1	0	68.47	87.58	9999	1	1	3
0	0	57.22	73.42	9999	1	3	2
1	0	74.03	95.26	9999	4	3	1
0	0	51.29	9999	9999	1	1	1
0	0	36.46	9999	9999	4	9999	9999
0	0	62.45	9999	72.2	1	9999	1
1	0	61.48	9999	9999	3	4	9999
1	0	63.03	85.79	9999	3	4	9999
1	0	65.53	79.92	9999	4	2	4
0	0	45.63	9999	9999	4	9999	9999
1	0	49.06	9999	9999	4	3	9999
0	1	55.85	74.62	74.75	2	4	1
1	0	51.18	66.76	9999	2	1	9999
0	0	65.57	9999	9999	4	2	9999
0	0	61.04	76.09	9999	1	3	3
1	0	49.61	66.53	9999	4	4	9999
1	0	62.99	9999	9999	4	9999	9999
1	0	51.69	66.85	65.68	4	4	1
1	0	62.11	72.67	9999	2	3	9999
1	9999	9999	9999	9999	4	9999	9999
0	0	66.67	91.56	94.37	1	3	2
1	1	40.44	9999	9999	1	4	9999
1	0	59.14	60.61	9999	3	3	3
0	0	37.26	66.38	9999	2	2	9999
0	0	44.7	9999	9999	1	9999	9999
1	0	38.42	62.81	9999	3	4	1
0	0	59.4	71.29	9999	4	2	9999
0	0	57.32	9999	9999	4	9999	9999
0	0	67.02	77.93	89.76	1	1	1
0	0	66.08	85.04	9999	3	1	9999
0	0	57.74	9999	9999	2	2	9999
1	0	39.49	47.29	57.17	4	4	1
1	0	53.49	59.01	9999	4	4	9999
0	0	62.94	69.29	9999	1	1	9999
1	0	54.3	76.02	74.83	4	4	9999
1	1	35.17	9999	9999	4	9999	9999
1	0	56.66	72.64	74.1	4	2	2
1	0	59.09	72.6	9999	4	4	4
0	1	38.75	9999	9999	1	2	4
0	1	49.16	69.09	70.34	1	2	2
0	1	58.05	9999	9999	4	4	1
1	0	57.54	70.47	9999	2	1	9999
1	0	47.48	67.58	70.03	1	2	2
1	0	62.58	79.53	9999	4	1	9999
0	0	70.08	86.12	94.56	1	1	1
0	1	53.8	65.45	65.93	1	4	4
0	0	53.51	64.41	9999	1	1	4
1	0	58.44	68.33	9999	4	3	3
1	0	36.42	9999	44.33	4	9999	4
1	0	67.85	79.18	9999	1	1	1
1	0	61.58	72.95	9999	4	1	4
0	0	40.34	53.73	9999	4	9999	9999
1	0	46.06	9999	9999	1	4	9999
0	0	41.7	9999	9999	3	9999	9999
1	1	43.43	9999	9999	4	9999	9999
0	0	60.61	75.27	9999	3	4	9999
0	1	44.75	66.5	67.04	1	4	9999
1	0	53.63	67.46	9999	4	1	9999
1	0	51.15	58.39	9999	4	4	3
0	1	37.89	36.98	50.62	4	2	9999
1	0	49.28	9999	9999	4	4	4
1	0	62.88	95.26	9999	1	1	9999
1	0	51.51	72.27	9999	4	4	9999
0	0	52.72	95.26	9999	4	4	1
1	0	58.14	68.01	79.68	4	3	2
0	0	68.26	77.45	73.1	3	1	9999
1	0	59.88	72.67	9999	3	4	9999
0	0	62.19	77.06	9999	2	1	9999
1	0	48.37	60.75	65.52	4	2	3
1	1	62.33	64.78	67.51	1	3	9999
1	0	44.8	9999	9999	1	4	9999
1	0	42.76	54.99	45.28	1	1	4
1	0	55.83	71.43	72.37	1	1	1
0	0	36.39	9999	9999	4	1	3
1	0	67.63	90.55	88.69	4	4	4
1	9999	51.29	9999	9999	4	9999	9999
0	0	53.28	79.94	89.66	4	3	1
0	0	58.51	84.76	85.5	1	1	1
1	0	65.12	83.19	9999	4	4	9999
0	0	58.22	75.43	71.35	2	2	2
1	0	63.45	80.82	84.67	4	4	4
1	1	58.21	72.03	78.39	4	4	4
1	0	48.97	79.73	9999	1	3	4
0	0	45.52	9999	9999	3	9999	2
0	0	61.52	75.48	80.8	4	4	2
0	0	73.01	86.61	9999	4	1	1
0	0	59.47	71.98	83.35	1	1	3
1	1	49.78	9999	9999	3	9999	9999
0	0	68.37	86.69	9999	4	1	1
1	0	58.25	76.67	75.85	4	3	1
0	9999	36.6	55.14	31.03	1	1	2
0	1	46.27	69.75	9999	1	3	2
1	0	53.46	71.02	76.44	4	4	4
0	0	66.41	80.68	88.35	1	4	9999
1	0	69.14	82.97	86.89	1	1	1
0	0	61.44	85.59	90.54	3	1	1
0	1	58.32	68.89	9999	3	9999	4
0	0	35.86	9999	39.22	1	9999	9999
1	0	33.54	40.37	9999	3	4	9999
0	0	60.54	81.62	9999	4	2	9999
1	0	51.44	9999	9999	4	9999	9999
0	0	85.07	85.8	9999	1	1	1
0	0	67.22	85.29	89.93	1	3	1
0	1	57.68	69.57	9999	1	4	2
1	0	53.96	68.17	68.42	1	3	3
0	0	74.21	89.66	9999	1	2	2
1	0	64.85	81.59	90.56	1	1	1
0	0	65.2	81.33	9999	1	3	9999
0	0	39.85	67.35	73.15	3	1	1
0	0	71.32	80.19	89.34	1	1	3
0	0	54.74	74.92	75.87	1	1	1
1	9999	50.76	54.78	9999	3	2	9999
0	0	61.41	72.86	81.36	4	1	4
0	9999	34.2	9999	9999	4	9999	9999
0	0	60.45	90.19	99.3	4	1	1
1	0	50	74.53	68.58	1	1	1
0	0	56.95	68.19	77.97	3	1	1
1	0	54.21	9999	9999	4	9999	9999
1	0	65.2	80.83	93.95	1	1	1
1	0	38.38	56.13	59.07	1	3	2
0	1	50.21	73.02	71.72	1	3	4
1	0	70.27	80.88	94.55	4	1	1
0	0	68.85	84.23	95.57	3	1	1
0	0	71.01	90.01	96.39	1	1	4
1	0	43.87	58.35	74.88	3	1	1
0	0	50.34	70.13	9999	3	3	1
1	0	53.38	67.84	9999	1	1	3
0	9999	42.85	9999	9999	3	9999	9999
1	0	54.4	64.15	9999	1	3	2
0	0	34.04	52.71	9999	1	3	9999
1	0	60.57	72.76	94.55	4	1	1
1	1	53.18	65.36	57.35	4	3	3
0	0	53.27	76.25	92.95	3	1	3
0	0	52.43	9999	9999	3	9999	3
0	0	67.27	81.29	88.15	1	1	1
1	0	53.4	9999	9999	4	2	9999
1	0	64.18	74.68	92.45	3	1	1
1	0	53.1	64.15	68.86	4	4	4
0	0	58.46	9999	9999	4	9999	9999
0	0	38.07	9999	9999	1	9999	9999
1	0	49.05	35.96	42.21	4	2	2
0	0	53.72	69.84	9999	1	1	1
0	9999	9999	62.38	9999	1	3	9999
0	0	49.42	9999	37.18	3	9999	2
1	0	49.74	64.53	9999	4	1	4
1	9999	34.16	9999	9999	4	9999	9999
1	0	36.92	52.42	9999	3	2	1
1	0	51.3	62.26	65.14	4	4	1
1	0	63.05	81.74	87.44	4	4	2
0	0	56.61	69.16	9999	1	1	2
1	1	41.21	9999	9999	2	9999	9999
1	0	52.82	9999	9999	4	9999	3
1	0	52.53	9999	9999	3	9999	2
0	0	41.49	9999	9999	2	9999	4
0	0	59.14	9999	9999	1	9999	2
0	0	50.05	9999	9999	3	9999	1
0	0	51.32	9999	9999	3	9999	9999
1	0	67.4	9999	9999	1	9999	3
0	0	64.22	9999	9999	4	9999	9999
0	0	62.96	9999	9999	1	9999	9999
0	0	64.89	9999	9999	1	9999	9999
0	0	37.29	9999	78.21	3	9999	9999
0	0	47.63	9999	9999	4	9999	9999
1	0	66.64	9999	9999	3	9999	9999
0	0	58.51	9999	9999	1	9999	9999
1	1	69.47	9999	9999	3	9999	9999
0	0	69.79	9999	9999	3	9999	1
0	0	71.01	9999	9999	1	9999	9999
1	0	64.01	9999	9999	3	9999	4
1	0	61.64	9999	9999	1	9999	1
0	0	56.93	9999	9999	4	9999	1
0	0	51.95	9999	9999	1	9999	2
1	1	46.74	9999	9999	4	9999	9999
1	0	60.09	9999	9999	1	9999	4
1	0	69.99	9999	9999	1	9999	1
1	0	59.78	9999	70.94	1	9999	2
1	0	69.22	9999	9999	1	9999	1
1	0	74.35	9999	9999	1	9999	1
0	0	64.98	9999	9999	1	9999	9999
0	0	74.32	9999	9999	1	9999	1
1	0	57.16	9999	9999	3	9999	3
0	0	53.33	9999	9999	1	9999	3
0	0	62.94	9999	9999	4	9999	9999
0	0	60.21	9999	9999	1	9999	4
1	0	61.81	9999	9999	4	9999	4
0	0	59.93	9999	9999	4	9999	2
0	0	57.23	9999	9999	4	9999	2
0	0	78.41	9999	9999	1	9999	1
1	0	48.82	9999	9999	4	9999	9999
0	0	78.12	9999	9999	1	9999	1
1	0	63.44	9999	9999	3	9999	9999
1	0	57.62	9999	74.92	1	9999	4
1	0	61.75	9999	9999	4	9999	9999
1	0	73.7	9999	9999	1	9999	9999
0	0	62.5	79.37	89.16	4	4	2
0	0	64.39	79.09	87.66	3	1	1
0	0	36.58	9999	46.58	2	3	2
0	1	39.12	41.3	9999	4	2	9999
0	1	62.57	82.85	86.5	1	1	1
0	0	71.96	80.84	87.35	3	1	1
0	0	60.83	72.99	74.92	1	1	1
0	0	55.93	71.69	9999	4	4	2
0	0	68.27	83.06	94.53	1	4	1
0	0	79.89	93.71	94.53	1	1	1
0	0	72.96	90.89	93.02	4	4	1
0	0	58.28	9999	9999	1	2	9999
0	0	50.66	66.83	9999	2	3	2
0	0	72.94	90.87	95.17	1	1	1
0	0	53.85	74.18	9999	4	4	4
0	0	49.6	68.09	75.26	1	1	1
0	0	63.66	78.58	88.96	4	1	1
1	0	63.69	77.34	83.94	1	3	2
1	0	56.41	78.65	78.53	2	4	1
1	0	56.24	62.43	9999	4	1	4
1	0	47.88	71.68	78.05	4	3	3
1	0	61.86	73.94	77.61	4	1	1
1	0	60.49	80.46	9999	2	4	9999
1	0	59.04	9999	52.63	4	4	3
1	0	45.68	9999	9999	2	9999	9999
1	0	58.16	9999	9999	3	9999	9999
1	0	60.2	79.74	9999	2	4	9999
1	0	55.84	68.36	9999	2	2	3
1	0	69.66	88.02	92.12	1	1	1
0	0	64.49	76.77	84.86	4	2	4
0	0	66.21	88.23	9999	1	3	9999
0	0	72.03	67.78	89.75	3	1	1
1	0	42.72	9999	9999	4	9999	9999
0	1	58.42	9999	9999	3	1	9999
1	9999	44.54	42.64	60.47	4	1	3
0	1	38.52	9999	82.04	2	9999	9999
0	0	54.42	77.07	9999	1	1	1
0	1	44.38	36.66	9999	4	1	1
0	0	54.68	9999	9999	4	9999	9999
0	9999	47.51	9999	9999	3	9999	9999
0	0	59.02	9999	9999	4	9999	9999
1	1	50.07	9999	9999	4	9999	9999
0	0	47.3	9999	9999	1	9999	9999
0	9999	50.73	9999	9999	4	9999	9999
0	9999	61.48	9999	9999	1	9999	9999
1	9999	68.84	9999	9999	4	9999	9999
1	0	66.47	77.42	87.16	1	3	1
1	0	46.63	45.43	9999	3	2	9999
1	0	50.16	9999	9999	2	9999	9999
0	9999	46.03	9999	9999	4	9999	9999
0	1	40.96	9999	9999	3	9999	9999
1	1	29.16	52.58	9999	2	1	9999
1	0	70.29	82.89	91.82	4	1	1
0	9999	46.64	9999	9999	4	9999	9999
1	1	44.6	41.8	39.15	2	2	9999
1	1	64.12	9999	9999	1	9999	3
1	0	59.84	69.67	79.27	2	2	4
1	1	61.89	76.11	9999	4	4	9999
1	0	36.9	9999	9999	2	9999	9999
0	0	54.6	67.17	66.01	1	1	1
0	0	62.23	77.35	85.54	4	1	3
0	9999	57.74	9999	57.51	3	3	1
1	1	49.65	9999	9999	1	9999	4
0	0	58.33	76.5	86.06	1	1	1
0	0	66.62	76.88	73.16	4	4	1
0	0	61.89	66.47	79.21	1	1	1
0	0	59.58	79.72	81.2	1	3	3
0	1	59.63	9999	9999	3	9999	9999
0	0	54.28	65.76	9999	1	1	9999
1	0	58.39	72.68	76.65	3	3	1
0	0	46.32	56.85	9999	1	2	2
0	0	58.65	69.99	72.05	3	4	4
0	0	47.19	60.89	69.73	4	4	1
1	9999	51.1	51.18	59.02	4	3	4
1	0	55.43	72.06	79.76	1	1	1
0	0	37.82	46.67	57.15	3	2	3
0	0	51.02	64.26	9999	4	4	4
1	1	30.65	9999	47.06	4	1	2
0	1	59.33	68.18	73.51	1	1	3
0	1	52.32	9999	9999	1	9999	9999
1	0	50.11	65.41	9999	2	3	9999
0	0	50.74	62.04	64.72	1	1	4
0	0	56.35	9999	9999	3	9999	9999
0	0	64.42	79.27	87.59	1	1	1
1	0	43.66	62.81	9999	2	2	9999
0	0	63.82	84.16	93.09	4	4	4
1	0	58.99	71.11	65.58	3	3	3
1	0	52.13	69.94	9999	4	3	9999
0	1	47.62	44.75	55.06	4	4	4
1	0	66.74	81.25	79.02	1	4	1
1	9999	54.92	9999	9999	3	9999	9999
1	9999	62.42	71.69	67.49	1	4	4
0	0	56.58	65.72	63.31	1	3	2
0	1	42.08	70.23	76.36	1	1	4
1	1	49.47	9999	9999	4	9999	9999
1	0	61.97	74.19	83.64	1	1	1
0	0	66.1	80.69	87.69	1	3	3
1	0	53.21	72.11	71.4	1	3	2
0	1	42.23	45.25	57.52	3	1	9999
0	0	37.81	71.49	9999	3	9999	9999
1	0	55.29	77.48	84.24	4	3	1
1	0	51.08	68.42	73.46	2	4	1
1	1	53.5	74.52	84	4	4	1
1	1	48.05	9999	9999	4	9999	9999
0	0	35.75	9999	9999	3	9999	9999
1	0	58.92	70.47	77.52	1	1	1
1	0	61.25	9999	84.07	1	9999	9999
1	0	54.67	9999	78.71	4	9999	4
1	0	44.39	9999	9999	4	9999	9999
0	0	63.09	78.47	9999	1	1	9999
0	9999	56.04	9999	75.3	1	9999	9999
1	0	67.2	9999	9999	3	9999	9999
1	0	61.43	9999	9999	2	9999	9999
1	0	55.59	82.61	83.14	1	4	9999
0	1	52.42	9999	9999	3	9999	9999
1	0	64.67	85.6	99.3	1	4	9999
1	0	46.87	71.1	9999	1	1	9999
1	0	60.55	81.86	77.5	1	1	1
1	0	49.65	9999	9999	1	9999	2
0	0	43.09	58.01	65.46	4	2	2
0	0	41.38	9999	9999	1	9999	9999
0	0	40.7	9999	9999	1	9999	9999
0	0	53.46	75.17	9999	1	1	1
1	0	54.21	62.16	49.68	4	2	3
1	0	63.06	77.48	9999	3	2	4
0	0	50.8	74.09	9999	4	3	4
1	0	51.64	74.91	81.17	1	1	1
0	9999	37.73	9999	9999	1	9999	9999
1	0	51.36	56.56	9999	2	2	9999
1	0	40.65	9999	9999	1	4	9999
1	0	49.73	9999	9999	4	9999	3
1	0	55.18	58.08	79.17	4	1	9999
0	0	49.33	9999	9999	1	9999	1
1	1	59.94	67.88	9999	4	1	9999
0	0	36.61	35.66	9999	2	2	9999
0	9999	37.98	39.6	41.04	4	4	4
1	1	54.34	9999	9999	4	1	2
0	0	57.06	71.19	85.87	4	4	4
1	0	48.88	65.75	9999	1	1	2
1	0	47.49	44.34	43.2	1	1	2
0	0	48.42	61.87	9999	1	1	3
1	0	58.85	61.38	78.65	1	1	1
1	1	46.05	9999	9999	1	1	4
1	0	41.02	42.95	40.19	1	2	3
0	0	45.5	45.55	42.3	3	3	1
0	0	61.79	68.87	9999	1	4	9999
1	0	47.19	9999	9999	4	4	9999
0	0	45.63	73.27	92.37	4	3	1
1	1	32.42	9999	9999	2	9999	9999
1	0	43.07	56.31	9999	4	4	9999
1	1	51.04	64.78	68.1	1	1	4
1	0	45.1	83.06	90.5	4	4	3
1	0	45.61	87.19	9999	1	4	9999
0	0	62.83	68.68	75.23	4	1	1
0	0	58.43	76.74	89.1	4	1	1
1	0	29.8	63.71	9999	4	2	1
1	0	41.25	9999	43.29	4	1	9999
0	0	56.88	83.36	80.1	4	2	2
1	0	42.94	53.74	58.65	3	3	3
0	0	58.76	66.85	9999	4	4	2
0	0	56.33	9999	9999	1	9999	9999
1	0	59.76	72.37	69.07	1	2	3
0	0	48.8	73.59	72.18	4	3	4
1	0	40.71	70.58	72.88	3	3	2
1	0	59.36	66.52	9999	2	2	9999
0	1	60.64	56.08	9999	2	2	2
1	0	56.95	9999	9999	4	2	2
1	0	70.96	90.94	90.64	3	1	3
0	0	54.78	62.74	54.12	4	2	4
1	0	58.43	52.4	61.81	4	2	4
1	0	42.36	47.15	62.72	1	1	3
1	0	59.86	68.46	68.04	4	4	1
0	0	59.95	9999	9999	4	9999	2
1	1	38.86	59.78	41.62	4	3	4
0	0	72.32	9999	9999	4	4	3
1	0	57.72	9999	45.2	3	2	2
0	0	62.93	81.05	9999	3	3	9999
0	0	30.44	58.45	9999	4	3	2
1	0	50.6	9999	9999	2	9999	9999
1	0	60.89	9999	9999	1	9999	9999
1	0	48.99	9999	9999	2	9999	1
1	0	53.24	9999	9999	4	9999	4
0	0	42.45	9999	9999	4	9999	2
0	0	52.77	9999	9999	3	9999	3
0	0	40.37	9999	9999	4	9999	9999
1	0	58.81	9999	9999	3	9999	4
1	0	41.49	9999	9999	4	9999	2
1	0	68.26	78.48	90.14	3	3	3
0	0	50.65	9999	9999	1	9999	4
1	1	39.55	9999	9999	4	9999	9999
1	0	56.73	9999	9999	3	9999	2
1	0	55.3	71.23	83.05	1	3	2
0	0	40.98	9999	9999	3	9999	9999
1	9999	42.62	59.19	64.78	3	3	3
1	0	48.3	9999	9999	2	9999	1
0	9999	44.59	9999	9999	4	9999	9999
1	0	43.79	9999	9999	2	9999	9999
1	0	37.27	9999	9999	3	9999	3
1	0	44.82	9999	9999	1	9999	3
0	1	51.97	9999	9999	4	9999	9999
0	0	54.6	9999	9999	1	9999	1
1	0	41.04	9999	9999	2	9999	4
1	1	46.33	9999	9999	1	9999	9999
0	0	61.93	9999	9999	1	9999	1
1	0	42.32	9999	9999	3	9999	9999
1	0	49	9999	65.97	1	9999	2
0	0	48.95	9999	9999	1	9999	1
1	0	46.4	9999	62.62	1	9999	9999
0	0	42.04	9999	9999	4	9999	2
1	0	55.12	9999	9999	2	9999	2
0	0	51.02	58.83	9999	3	3	9999
0	0	36.18	37.15	44.24	1	2	9999
0	0	53.63	68.27	9999	3	3	3
1	0	34.39	9999	9999	3	9999	9999
0	0	69.38	83.2	86.56	1	1	3
0	0	54.89	68.85	72.24	3	1	3
0	0	33.05	33.34	42.11	1	9999	3
0	0	36.9	53.83	54.97	1	9999	9999
0	0	42.34	61.71	9999	3	3	9999
1	0	60.03	67.93	9999	4	3	9999
1	0	63.13	67.74	9999	1	2	9999
1	0	54.75	9999	9999	1	1	1
0	0	64.97	81.52	88.35	1	1	3
1	0	55.08	66.75	66.42	2	2	4
1	0	47.19	62.42	62.46	2	4	3
0	0	48.64	63.09	59.68	1	3	3
0	0	36.86	47.79	9999	1	2	9999
1	0	65.55	82.57	98.02	4	1	1
0	1	63.51	80.69	89.98	4	3	1
1	0	53.99	68.65	72.61	1	4	4
0	0	39.58	43.58	48.1	4	3	2
1	0	57.36	63.9	9999	4	2	9999
1	0	43.7	9999	9999	1	9999	9999
0	0	67.73	83.97	92.34	2	3	1
0	0	60.75	84.53	85.1	4	1	4
1	0	58.53	76.27	79.19	4	4	3
0	0	64.76	78.55	85.13	4	2	2
1	0	46.99	47.46	47.97	3	2	4
0	0	56.54	68.67	76.07	2	3	4
0	0	42.6	57.49	40.29	2	2	2
1	0	61.16	84.09	89.87	2	1	1
0	1	35.96	49.29	9999	3	2	9999
0	0	49.49	71.77	65.03	4	2	2
1	0	44.22	56.26	56.86	4	2	2
1	0	42.07	60.49	63.13	4	4	4
0	0	43.55	9999	9999	4	2	4
0	0	48.92	9999	9999	4	9999	9999
1	9999	48.83	59.22	9999	3	4	9999
0	0	64.89	85.03	9999	1	1	1
1	0	60.65	9999	9999	3	9999	9999
0	0	65.18	9999	9999	1	9999	9999
1	0	59.54	66.09	9999	1	3	9999
1	0	60.44	79.12	9999	4	4	1
1	0	56.31	74.64	9999	3	4	2
1	0	65.28	9999	9999	4	9999	9999
1	0	38.65	52.05	9999	1	2	9999
0	0	32.34	46.15	9999	4	1	9999
0	0	42.98	59.89	9999	4	2	2
0	1	46.12	63.67	9999	2	3	3
0	0	36.32	51.99	9999	2	2	2
0	1	46.1	50.09	9999	4	2	4
1	0	45.22	54.06	9999	4	2	9999
0	0	46.21	63.71	9999	2	2	2
1	0	52.96	71	9999	2	1	9999
1	0	54	71.59	9999	4	2	3
0	0	49.62	70.82	9999	1	9999	1
0	0	55.67	73.75	9999	4	2	9999
1	0	47.56	65.54	66.04	1	1	3
1	0	55.86	9999	67.72	4	9999	4
1	0	53.43	69.07	69.94	1	3	2
0	0	42.33	58.03	9999	1	4	9999
1	0	65.08	77	75.35	4	1	1
1	0	46.75	70.99	9999	1	1	1
1	0	67.98	78.35	84.36	4	1	3
1	0	62.09	67.97	9999	4	1	9999
0	9999	59.27	73.76	81.94	1	4	1
0	0	56.07	59.22	67.71	1	1	4
0	0	60.21	79.12	69.27	1	4	4
0	0	46.57	9999	9999	3	9999	9999
0	0	38.84	53.34	9999	4	1	2
0	1	49.87	61.64	9999	1	3	9999
1	1	31.54	44.65	9999	1	1	9999
1	0	47	71.89	68.7	1	3	1
0	0	52.57	58.71	9999	2	9999	9999
1	0	55.21	69.05	72.27	1	4	4
1	0	56.17	69.8	68.08	1	1	3
0	0	64.56	9999	9999	1	9999	9999
0	0	64.25	9999	72.31	4	4	3
0	1	44.8	65.91	70.53	3	1	4
0	9999	46.58	66.44	9999	3	2	1
1	0	37.84	38.57	37.9	1	4	2
0	0	42.85	57.56	9999	4	4	9999
0	0	61.98	79.33	85.06	1	1	1
1	0	69.18	85.91	86.99	4	4	2
1	0	57.97	72.66	9999	4	1	1
0	0	46.64	9999	9999	2	9999	9999
0	0	53.79	71.82	73.13	1	1	1
0	0	46.96	55.32	61.53	4	3	2
1	0	53	65.69	9999	4	4	9999
0	0	58.82	73.26	43.26	1	1	9999
1	0	34.46	9999	9999	2	9999	9999
0	0	53.16	9999	69.81	3	2	1
0	1	59.17	76.18	82.69	4	3	1
0	0	63.77	75.2	77.37	1	3	1
1	1	55.95	71.46	71.25	3	1	2
1	0	60.09	80.71	84.71	4	1	1
0	0	40.73	34.51	9999	4	9999	9999
1	0	33.52	73.11	9999	4	4	9999
0	0	33.39	39.32	62.71	2	1	1
1	1	47	55.28	9999	4	4	9999
1	0	37.08	9999	9999	4	9999	9999
0	0	46.84	9999	9999	4	3	9999
1	0	58.48	80.71	80.32	4	1	4
1	1	54.52	51.69	59.73	4	3	3
1	0	64.2	78.38	9999	4	4	9999
0	1	44.35	9999	9999	3	9999	9999
1	0	50.74	74.44	74.94	1	1	9999
1	1	41.84	9999	9999	1	9999	9999
1	1	44.43	73.88	9999	1	1	9999
1	1	38.24	49.61	62.93	3	2	2
1	0	50.33	60.77	66.37	4	1	1
0	0	45.31	50.75	62.08	1	1	1
1	0	59.66	74.63	75.87	4	3	1
1	0	55.37	66.98	9999	2	1	9999
0	0	72.94	85.68	89	1	3	1
0	0	53.79	66.78	72.08	1	3	1
0	0	36.89	51.29	9999	3	9999	9999
0	1	38.32	9999	9999	2	9999	9999
0	0	55.63	9999	9999	3	2	2
0	0	63	72.79	9999	4	4	9999
1	1	54.36	76.5	78.54	3	1	3
1	1	41.9	9999	9999	1	9999	9999
0	0	45.91	9999	9999	1	9999	9999
1	1	53.73	60.15	70.99	3	9999	4
1	1	42.14	33.1	9999	1	2	9999
0	0	51.07	75.96	9999	4	3	2
0	0	58.98	9999	80.61	4	2	1
1	0	43.35	9999	9999	3	1	9999
1	0	52.25	64.49	66.16	1	2	2
1	0	51.89	65.6	73.55	4	4	1
0	0	54.13	53.41	9999	2	9999	2
1	1	47.8	9999	9999	4	9999	9999
0	1	45.47	9999	9999	1	9999	9999
1	1	42.27	53.21	9999	4	3	3
0	1	47.44	9999	9999	3	9999	9999
1	0	50.37	64.51	65.3	4	1	1
1	0	49.08	64.97	73.98	4	2	1
1	1	41.51	9999	9999	1	9999	9999
0	1	50.88	69.6	9999	4	1	1
1	0	36.68	9999	43.83	4	9999	9999
0	0	42.11	9999	9999	3	9999	9999
0	1	57.48	67.06	74.55	1	1	1
1	0	38.69	9999	9999	1	9999	9999
1	0	41.23	52.87	53.85	3	4	4
0	0	51.79	64.07	68.04	4	2	3
1	0	51.7	64.96	63.72	3	3	4
0	1	55.49	78.89	80.23	4	1	1
1	0	48.58	9999	68.88	4	1	1
1	1	46.17	55.27	61.65	3	1	1
0	0	54.68	66.51	79.64	1	4	4
1	0	64.24	81.75	85.66	4	4	1
0	0	67.1	86.72	9999	4	3	1
1	0	60.44	79.11	9999	1	2	3
0	0	56.12	74.96	9999	2	1	1
1	0	68.62	82.01	92.72	4	9999	1
0	0	65.54	9999	92.83	1	1	1
0	0	60.27	71.43	9999	3	1	9999
1	9999	53.12	69.03	9999	1	1	9999
1	0	52.18	41.93	9999	3	2	9999
1	0	66.84	91.31	9999	1	1	3
0	0	47.9	66.38	9999	1	3	9999
1	9999	48.75	53.85	9999	1	1	9999
1	0	61.97	80.49	9999	3	2	4
0	0	64.65	79.88	9999	4	1	9999
1	0	64.77	84.34	9999	1	3	3
0	0	41.49	9999	66.08	3	2	1
1	0	60.67	78.31	9999	2	2	9999
0	0	61.09	79.24	9999	1	3	9999
1	9999	55.36	9999	9999	2	2	9999
1	0	52.72	63.9	9999	2	4	2
0	1	40.28	51.94	69.21	4	4	4
0	0	53.21	70.95	9999	1	1	9999
1	0	52.94	63.75	64.18	4	2	2
0	1	34.38	9999	9999	2	9999	9999
0	0	62.57	75.17	9999	1	2	9999
1	0	52.61	61.99	9999	2	3	9999
0	0	44.28	73.24	9999	3	4	1
0	0	63.92	81.65	9999	1	4	1
0	0	30.85	65.12	9999	2	3	9999
0	0	45.36	69.01	66.31	4	3	4
0	0	50.95	68.91	9999	2	1	9999
0	9999	67.96	80.91	9999	1	1	1
1	0	40.37	39.7	9999	4	3	9999
1	0	38.9	34.47	9999	2	1	9999
0	0	42.54	63.72	9999	3	2	9999
1	0	54.4	63.25	72.35	4	1	4
1	0	50.15	9999	9999	4	2	9999
0	0	37.62	49.73	9999	4	1	9999
0	0	54.37	75.98	9999	4	1	9999
1	0	59.64	76.27	80.82	1	1	1
0	0	43.41	44.21	9999	3	4	9999
1	1	64.01	71.01	9999	1	1	9999
0	0	66.35	80.67	9999	3	1	9999
0	0	41.14	9999	9999	1	9999	9999
1	0	47.83	9999	9999	3	9999	9999
1	0	53.08	72.36	9999	4	3	3
1	0	62.74	65.16	9999	1	1	9999
1	0	35.65	52.22	9999	4	3	1
1	0	37.7	61.03	62.26	1	3	4
1	0	54.54	63.85	9999	3	3	9999
1	0	40.62	59.08	63.4	4	4	2
0	0	36.02	49.57	55.69	4	4	4
1	0	64.2	78.84	88.45	1	1	4
0	0	42.18	9999	9999	4	9999	9999
1	1	35.6	60.55	9999	4	3	9999
1	0	38.26	55.65	9999	3	4	9999
1	1	48.01	57.6	9999	2	2	3
1	0	44.02	73.55	9999	4	2	9999
0	0	53.04	64	63.82	1	3	1
1	0	55.58	62.79	71.7	3	2	2
1	1	51.15	48.44	9999	3	3	4
1	0	38.73	41.17	32.07	1	2	1
0	0	34.18	35.13	9999	3	2	9999
1	0	50.74	9999	9999	3	9999	9999
0	0	35.19	9999	9999	3	9999	9999
1	1	50.02	60.93	63.22	3	2	4
1	1	38.68	9999	60.67	4	4	4
0	0	55.69	54.51	56.44	3	1	1
1	0	47.78	65.86	68.56	4	4	3
1	0	53.52	59.79	9999	3	2	9999
1	0	57.63	60.75	67.15	4	4	4
0	0	53.89	66.21	9999	4	1	1
1	0	56.66	66.44	73.01	3	1	1
0	1	39.47	46.75	46.32	1	3	3
1	0	38.91	34.71	9999	1	4	9999
1	0	56.74	68.47	76.85	1	1	9999
0	0	41.66	56.5	46.23	4	4	3
1	0	52.9	60.9	9999	2	2	9999
0	0	49.12	61.78	9999	4	3	3
1	1	45.03	62.72	63.03	2	2	2
0	0	56.23	69.94	70.36	1	1	1
0	1	51.66	75.93	78.12	4	1	3
1	0	59.28	64.98	69.81	3	1	1
1	0	36.56	42.96	46.28	3	3	3
0	0	51.99	67.57	9999	4	4	1
0	0	45.9	45	9999	4	2	3
1	0	60.12	73.37	9999	4	4	9999
1	0	55.45	75.02	75.22	4	1	3
1	0	60.09	74.98	74.43	2	4	4
0	1	51.69	65.58	9999	2	1	2
0	0	57.64	65.48	9999	4	2	3
1	0	51.65	67.81	75.38	4	2	3
1	0	57.72	76.01	79.34	4	2	4
0	0	63.76	78.84	87.88	3	1	3
0	1	9999	9999	9999	4	9999	9999
1	0	48.69	9999	9999	2	9999	9999
0	9999	61.63	76.42	90.03	1	1	1
1	0	60.34	79.78	9999	1	1	9999
1	0	46.42	42.49	54.1	2	2	2
0	1	42.31	9999	46.06	3	3	3
0	9999	32.14	47.19	52.13	4	1	2
0	1	65.55	77.43	9999	2	4	9999
1	0	47.14	65.61	66.77	4	4	2
1	1	42.25	56.81	63.23	4	4	4
1	0	51.91	65.46	65	1	4	4
0	0	49.78	67	9999	3	1	9999
0	0	63.41	74.88	81.7	1	9999	9999
1	0	51.58	59.46	60.53	3	1	2
1	0	52.13	64.38	62.79	4	1	3
1	0	48.66	60.14	9999	4	4	2
0	1	47.35	9999	9999	3	9999	9999
0	0	54.38	74.63	72.6	4	4	2
0	0	57.47	61.19	9999	4	2	2
0	1	43.27	39.14	38.54	1	3	1
0	0	56.47	69.31	9999	3	1	9999
0	1	52.03	68.22	66.98	3	1	1
0	0	43.94	9999	9999	4	3	2
0	0	54.44	61.2	60.64	4	2	3
0	0	53.54	69.96	9999	1	3	2
0	0	52.04	68.23	62.14	4	1	1
0	0	49.98	64.28	68.57	3	1	2
0	1	30.61	43.11	34.38	3	3	3
0	0	43.98	56.47	9999	3	2	3
0	1	35.42	49.3	41.56	1	4	4
0	1	50.96	66.17	66.16	1	1	1
0	0	60.63	70.47	9999	1	3	4
0	0	45.07	50.89	39.91	4	2	3
0	0	65.98	69.69	80.33	3	4	1
0	1	44.5	50.12	9999	4	4	9999
0	1	50.9	57	9999	4	3	3
1	1	42.86	61.87	65	4	1	1
1	0	62.9	81.8	9999	3	1	4
1	0	59.66	68.36	9999	1	1	2
1	1	40.22	48.76	38.63	4	4	1
1	0	54.44	58.33	55.44	2	4	3
1	1	42.42	58.85	9999	3	2	4
1	1	48.12	59.2	9999	4	4	1
1	1	37.29	45.71	39.99	1	1	1
1	0	35.79	47.55	9999	1	4	3
1	1	43.37	9999	9999	4	9999	9999
1	1	31.66	43.38	36.85	3	1	3
0	0	57.71	57.57	9999	3	2	2
1	0	31.24	41.12	9999	2	3	9999
1	0	43.43	50.24	68.58	1	9999	1
1	0	64.18	78.54	82.38	3	3	3
1	0	47.12	46.23	9999	3	3	2
0	0	54.99	74.6	76.31	1	2	1
0	0	36.94	9999	55.59	1	3	1
0	0	43.76	58.96	9999	4	1	9999
1	0	47.32	9999	9999	3	9999	9999
0	0	49.99	9999	9999	3	9999	9999
0	0	63.71	9999	84.09	1	9999	1
0	1	48.41	52.91	9999	3	2	3
0	0	41.23	35.38	40.63	4	2	4
0	0	44.44	9999	9999	4	9999	9999
0	0	41.59	69.47	72.98	4	3	4
1	0	56.82	40.44	9999	3	3	9999
0	0	43.88	33.85	36.6	3	3	4
1	1	56.75	9999	55.95	3	9999	9999
1	0	36.64	40.27	31.6	1	9999	2
0	0	44.66	9999	9999	4	9999	9999
1	0	50.66	56.76	45.29	3	4	4
1	0	65.85	68.6	80.12	1	1	1
1	0	54.01	61.84	74.58	1	2	1
0	0	34.75	9999	9999	3	9999	9999
1	0	55.73	60.68	9999	1	1	3
1	0	51.86	62.84	9999	3	3	1
1	0	55.57	69.13	68.4	1	1	1
1	0	38.14	52	50.46	4	1	3
1	0	59.58	9999	9999	4	3	9999
1	0	44.78	62.02	65.68	1	3	3
0	0	42.04	39.7	40.68	3	1	1
1	0	48.46	9999	68.34	4	9999	4
1	0	58.44	80.34	9999	4	3	4
0	0	56.93	61.06	9999	1	1	9999
0	0	57.02	71.28	76.52	1	3	4
0	0	56.01	9999	9999	4	2	9999
1	9999	45.63	55.21	9999	1	1	2
0	0	55.03	64.79	9999	1	1	9999
0	0	46.66	9999	9999	1	9999	9999
1	0	51.74	68.26	9999	2	4	9999
1	1	52.66	63.13	9999	1	4	9999
0	0	44.93	9999	9999	1	9999	9999
0	0	59.84	73.57	9999	3	1	9999
0	0	44.45	75.15	66.44	1	1	1
0	0	60.4	69.93	9999	1	1	2
1	1	57	64.66	9999	4	1	9999
0	0	47.72	67.45	9999	2	2	9999
0	0	52.8	38.88	9999	1	3	9999
0	1	51.84	57.65	9999	2	3	9999
0	0	57.75	62.96	9999	4	1	9999
0	0	60.8	9999	9999	3	4	3
0	0	53.63	75.6	76.26	4	2	4
1	0	56.83	67.96	9999	1	1	9999
1	0	52.14	53.37	9999	1	1	9999
1	0	44.94	9999	56.1	1	9999	1
0	1	50.17	49.92	9999	1	4	3
0	1	42.88	9999	9999	4	4	9999
0	0	40.48	54.75	9999	4	1	9999
1	9999	50.84	9999	9999	3	9999	9999
0	0	59.94	70.76	9999	4	2	3
1	1	57.85	64.55	9999	4	1	9999
1	0	9999	69.24	9999	4	3	9999
0	0	38.27	9999	9999	1	9999	9999
1	0	49.78	53	9999	4	1	2
1	1	34.61	59.51	9999	1	3	9999
0	0	72.87	90.66	94.27	1	1	1
0	0	58.22	63.45	69.89	1	3	3
1	0	46.77	54.76	62.25	3	2	3
1	0	43.31	9999	64.55	1	3	2
1	0	46.77	52.99	9999	4	4	9999
1	0	56.93	50.82	51.01	3	1	2
0	0	59.6	9999	64.46	1	3	4
0	0	43.69	9999	66.98	3	2	9999
0	0	55.71	62.52	9999	3	3	9999
0	0	51.04	46.43	54.72	1	2	2
1	0	44.92	53.99	64.8	3	3	1
1	0	61.05	75.55	9999	1	4	9999
1	0	44.37	9999	9999	2	3	4
0	0	60.75	70.19	9999	1	1	9999
0	0	60.97	63.16	9999	2	2	2
1	0	64.17	72.96	78.08	4	2	2
1	0	58.32	73.36	9999	4	4	9999
0	0	59.89	62.85	75.05	1	2	2
1	0	54.32	69.1	65.36	3	1	4
1	0	47.45	54.06	9999	1	3	3
1	0	65.59	75.87	9999	4	4	4
0	0	45.16	39.83	67.66	3	2	1
1	0	48.29	64.44	9999	3	2	2
0	0	39.67	31.96	9999	1	2	9999
1	0	57.61	66.86	66.37	1	3	2
0	0	53.91	69.18	9999	2	1	2
1	0	50.35	52.04	9999	4	4	9999
0	0	60.52	82.84	91.53	1	1	1
1	0	48.3	50.6	54.5	4	4	2
0	0	62.17	75.26	83.14	1	1	1
0	1	56.82	70.2	64.15	3	3	1
0	0	54.15	60.94	71.8	2	1	1
1	0	54.96	66.51	74.96	4	1	1
1	0	55.35	65.67	64.43	3	3	2
1	0	56.79	69.27	74.36	1	1	1
0	0	55.14	59.65	52.8	4	4	9999
0	0	56.57	41.72	53.24	4	2	2
1	0	68.71	72.19	80.69	3	4	2
0	0	66.24	78.38	83.03	4	4	4
0	0	61.15	9999	78.72	4	2	4
1	0	56.44	66.71	59.91	2	9999	4
1	0	54.1	60.1	66.61	4	2	1
0	1	56.18	72.83	57.22	1	1	2
1	0	41.7	62.89	61.86	4	4	4
0	0	36.06	32.43	9999	3	2	9999
1	0	58.89	73.52	77.37	4	2	4
0	0	39.58	57.34	55.37	2	4	2
1	1	46.55	57.19	62.15	2	4	4
0	0	28.93	34.67	35.81	4	2	2
0	0	34.79	51.64	56.88	3	4	3
0	0	62.12	73.06	80.27	4	4	1
0	0	60.97	75.13	9999	4	3	9999
1	0	64.12	78.73	84.9	4	4	4
1	0	46.94	61.63	64.35	2	1	1
0	0	53.9	70.33	74.92	4	1	4
0	0	35.4	36.22	9999	3	4	9999
1	0	52.76	70.11	66.05	4	3	3
1	0	61.08	71.14	74.53	4	2	2
0	1	45.04	61.18	61.44	1	1	4
1	0	60.02	74.76	82.72	4	4	1
0	0	61.11	71.44	77.7	4	3	1
0	0	69.38	82.52	83.98	4	1	1
0	0	42.19	60.35	50.98	4	9999	1
1	0	63.09	71.06	73.37	4	4	1
0	0	61.81	84.55	86.44	3	2	9999
1	1	53.58	66.6	69.78	1	1	1
0	0	58.82	65.56	75.52	3	3	1
1	0	54.76	67.58	68.81	4	3	4
0	0	58.28	72.85	75.28	4	3	2
1	0	45	64.18	64.75	4	4	4
1	0	48.02	54.3	54.45	4	4	2
0	0	43.87	46.87	9999	4	2	2
0	0	72.59	84.58	9999	1	4	9999
1	0	47.37	63.01	64.5	3	3	1
1	0	71.14	78.64	85.22	1	1	3
0	0	50.22	65.65	62.03	3	4	2
1	0	52.14	65.82	68.88	4	2	4
0	0	52.3	51.29	9999	4	2	9999
0	0	62.46	81.39	94.37	4	4	1
1	1	58.91	71.12	83.05	1	1	2
1	0	50.65	9999	9999	1	9999	9999
0	0	48.66	69.32	9999	4	1	9999
0	0	63.28	74.99	78.7	2	3	1
1	0	65.76	81.87	88.1	4	1	1
0	0	71.57	91.12	89.64	1	1	9999
0	0	51.56	62.61	66.58	1	1	2
1	0	43.76	58.78	60.59	4	4	4
0	0	37.05	42.02	47.22	4	1	3
0	0	62.27	75.37	65.78	1	3	9999
1	0	53.11	67.32	58.72	4	2	2
1	0	58.83	68.64	72.94	4	3	4
1	0	51.28	67.54	69.06	4	1	3
1	0	45.18	56.85	56.91	4	4	9999
0	0	49.72	61.64	9999	4	1	2
0	0	56.41	76.21	71.56	1	3	3
1	0	41.99	65.65	66.2	2	4	9999
0	0	66.68	75.99	77.81	2	2	9999
1	0	58.34	78.63	75.07	4	1	1
0	0	59.15	78.12	9999	1	4	4
0	0	54.25	75.73	77.97	3	1	1
1	0	34.86	83.51	77.72	1	4	2
0	1	43.58	9999	9999	2	3	9999
0	0	44	68.55	9999	3	3	9999
0	0	53.5	64.46	9999	4	2	9999
1	0	52.53	55.98	44.14	4	4	4
1	0	40.74	51.02	48.76	4	4	2
0	0	54.15	59.71	63.07	1	1	2
0	1	46.68	57.01	9999	1	1	1
0	0	49.63	9999	9999	3	3	9999
0	0	59.05	9999	9999	1	9999	9999
0	0	33.3	35.07	31.09	3	2	2
0	1	45.9	37.15	9999	4	3	2
0	0	62.44	74.3	9999	1	4	4
1	0	60.77	80.77	9999	1	1	2
1	0	45.09	58.33	9999	1	4	1
1	0	59.18	69.57	9999	4	4	9999
1	0	50.21	64.37	9999	4	4	9999
1	0	62.7	77.9	9999	1	4	2
0	0	42.04	65.81	9999	3	1	9999
0	0	37.79	9999	9999	4	2	9999
0	0	49.41	65.76	9999	4	2	2
1	0	59.49	74.51	9999	1	2	9999
0	0	37.04	51.12	9999	2	4	2
1	0	46.46	54.86	9999	1	1	2
0	0	43.73	71.01	9999	2	4	1
1	0	52.04	54.73	9999	4	4	2
1	0	56.35	69.29	9999	4	3	2
0	0	60.45	77.93	9999	2	4	2
0	0	38.25	38.25	9999	4	9999	9999
1	0	45.23	51.77	9999	2	2	3
1	0	39.57	46.71	43.04	4	4	2
0	0	45.56	72.84	9999	3	9999	9999
1	0	52.05	71.13	68.19	1	3	9999
1	0	57.69	67.4	9999	1	4	2
1	0	43.52	66.34	9999	4	3	4
0	0	43.77	54.55	9999	1	2	9999
0	0	54.08	69.79	9999	1	2	3
0	0	62.99	9999	9999	4	2	2
1	0	61.6	68.82	68.08	1	3	4
0	0	54.66	63.02	9999	4	1	2
1	0	63.62	75.95	79.17	4	4	4
0	0	58.64	63.81	9999	4	2	2
1	0	60.75	71.56	70.32	1	3	3
1	0	55.03	67.36	9999	1	2	3
1	0	52.37	67.1	74.7	4	4	4
0	0	67.85	86.45	93.64	1	2	4
0	9999	53.29	53.82	9999	2	2	2
1	0	59.37	70.93	77.65	4	1	1
0	0	44.79	52.37	9999	4	4	3
1	0	58.82	73.14	73.37	4	4	2
1	0	51.09	74.69	73.7	4	3	3
0	0	65.87	81.2	83.75	1	3	2
0	0	51.93	63.13	9999	3	3	1
1	0	62.21	74.96	77.39	1	1	3
0	0	55.35	60.8	9999	4	1	2
0	0	62.25	74.84	80.86	4	4	4
1	0	62.78	87.84	81.09	4	3	1
1	0	57.87	76.88	9999	1	1	9999
1	0	64	77.63	79.4	1	1	3
1	0	57.15	72.57	69.93	4	1	1
1	0	42.57	59.72	63.03	1	1	1
1	0	55.02	68.3	72.9	1	1	4
0	1	40.86	9999	9999	1	9999	9999
1	0	58.71	71.73	77.24	3	1	1
1	0	58.59	75.28	80.5	4	1	1
0	0	9999	48.13	9999	1	1	9999
0	1	9999	62.05	64.44	1	3	3
0	0	35.42	9999	9999	2	9999	9999
1	0	44.07	53.14	50.18	4	3	3
1	0	41.47	49	9999	2	3	9999
1	0	43.13	60.58	70.16	3	2	2
1	0	48.65	65.04	65.75	4	1	1
1	0	45.19	55.25	57.34	3	1	1
1	0	52.36	9999	74.08	4	1	4
0	1	41.28	56.36	56.81	1	4	3
1	0	53.47	66.08	66.27	1	3	1
0	1	49.51	65.1	64.11	1	3	9999
0	9999	44.3	9999	50.16	3	2	2
0	0	46.38	9999	9999	1	1	9999
1	0	53.69	61.95	68.6	2	4	1
0	0	58.81	87.45	9999	3	3	9999
0	1	49.9	60.56	62.74	1	1	1
1	1	59.36	76.49	84.31	1	1	2
1	1	41.46	51.57	50.44	3	3	1
1	1	53.5	56.62	66.21	4	1	1
0	1	40.39	64.62	78.45	1	1	1
1	1	46.26	52.56	45.98	3	4	3
1	1	52.82	60.1	56.83	4	1	3
1	1	51.86	76.44	91.8	1	1	1
1	0	60.11	9999	9999	4	9999	9999
1	1	53.66	75.27	9999	4	3	9999
1	1	36.61	39.28	48.89	4	2	3
1	1	45.55	46.58	44.18	4	1	1
1	1	37.2	34.64	9999	3	3	9999
0	1	39.56	47.41	9999	3	4	9999
1	1	42.18	49.85	44.43	4	3	9999
1	1	37.71	42.63	45.05	4	9999	3
1	1	38.02	49.05	9999	2	4	9999
1	1	42.1	49.04	9999	1	4	9999
1	1	43.56	43.73	9999	3	1	9999
1	1	36.56	37.64	9999	3	1	9999
0	1	46.44	9999	9999	1	1	1
1	1	39.82	48.78	9999	4	3	1
1	0	53.63	70.17	9999	4	4	2
0	0	63.36	82.11	92.09	1	2	1
0	0	55.22	76.35	90.15	4	4	9999
0	0	57.89	79.25	90.15	3	1	1
1	0	65.12	81.42	79.09	4	1	1
0	0	57.07	73.07	9999	1	1	2
0	0	55.85	64.26	9999	1	1	1
0	0	51.15	9999	9999	1	3	9999
0	0	33.9	9999	9999	1	3	2
0	0	55.65	72.65	9999	2	9999	9999
1	0	59.41	72.82	76.17	4	4	4
1	0	57.97	70.21	9999	4	2	9999
1	0	57.8	74.12	77.58	4	3	9999
1	0	57.25	74.5	9999	4	1	9999
0	0	47.18	9999	9999	2	2	9999
0	0	52.05	64.31	9999	1	1	9999
0	0	49.84	9999	9999	3	9999	4
0	0	58.28	9999	9999	3	3	9999
0	0	52.72	9999	9999	1	3	9999
0	0	41.36	32.54	9999	4	2	9999
0	0	56.73	73.13	78.24	3	4	4
1	0	54.17	73.02	76.45	3	2	9999
1	1	44.63	66.92	69.64	1	4	4
0	0	34.8	32.24	9999	3	2	9999
1	0	63.46	76.89	9999	4	4	9999
0	0	50.19	52.93	9999	4	1	9999
1	0	57.6	9999	80.92	4	3	9999
1	0	50.43	9999	9999	2	2	9999
1	0	51.47	75.89	85.38	3	2	9999
0	0	37.71	73.96	81.6	1	3	9999
1	0	40.88	62.42	65.26	3	1	9999
1	0	43.99	9999	9999	1	1	9999
0	0	58.61	68.06	9999	1	1	9999
0	0	48.28	9999	9999	4	2	9999
0	0	57.81	9999	9999	1	1	9999
0	0	59.17	81.24	9999	1	4	9999
1	0	53.25	64.17	9999	4	4	9999
1	0	59.45	9999	9999	1	4	9999
0	0	47.01	9999	9999	2	9999	9999
0	0	55.91	66.72	9999	4	1	1
1	0	55.17	60.47	9999	2	1	9999
0	0	57.46	77.73	9999	1	1	9999
0	0	49.91	9999	9999	4	3	9999
0	0	51.78	67.74	9999	3	1	2
0	0	62.14	9999	9999	4	9999	9999
0	0	46.91	69.72	78.49	3	4	9999
0	0	30.05	32.45	9999	2	9999	4
1	0	49.14	9999	9999	4	1	9999
1	0	35.53	53.6	9999	2	2	2
1	0	55.17	66.85	81.86	1	1	9999
0	0	44.15	9999	9999	2	9999	9999
0	0	50.45	73.72	9999	4	4	4
0	0	46.08	9999	9999	3	9999	1
1	0	46.22	35.69	9999	4	4	9999
1	0	38.31	38.81	9999	2	3	9999
1	0	52.23	74.05	68.53	3	4	2
0	0	34.52	31.8	9999	4	2	9999
1	0	54.61	61.11	9999	3	4	9999
0	0	52.2	9999	9999	2	2	9999
1	9999	66.34	77.86	9999	1	1	2
1	0	50.63	67.31	9999	2	2	9999
0	0	39.86	53.08	9999	4	3	9999
1	0	51.55	9999	9999	1	4	9999
1	0	65.66	79.39	9999	3	1	9999
0	0	33.65	36.02	9999	2	2	1
0	0	59.4	74.99	9999	4	1	9999
0	0	43.99	9999	9999	2	9999	9999
1	0	58.45	63.32	9999	1	3	9999
0	0	59.87	9999	9999	4	4	9999
1	0	48.87	9999	9999	4	3	9999
0	9999	46.02	9999	9999	1	1	9999
0	9999	37.71	9999	9999	2	9999	9999
0	0	59.97	76.23	75.71	1	1	9999
1	0	53	9999	9999	1	9999	9999
1	0	41.68	60.41	9999	4	4	9999
1	0	70.08	83.51	9999	4	4	9999
1	0	59.95	73.81	9999	1	1	9999
0	9999	46.45	9999	9999	4	1	9999
0	0	67.71	9999	9999	4	2	9999
1	0	57.48	61.64	9999	4	1	9999
