0	0	1	1	1	0	71.05	0
0	1	1	1	1	1	68.89	0
1	0	1	1	1	.	.	1
0	0	1	.	1	0	71	1
1	1	1	1	1	.	.	1
1	0	1	1	1	1	59.3	1
1	1	1	1	1	.	.	1
1	1	1	0	1	1	66.62	1
1	1	1	1	0	.	.	0
.	.	.	.	.	1	80.2	0
1	1	0	1	1	0	60.2	1
1	1	1	1	1	1	63.59	1
0	0	0	0	0	1	63.82	1
1	1	1	1	1	1	56.01	1
0	0	0	0	0	.	.	1
0	0	0	0	1	1	64.2	1
0	0	0	1	0	.	.	1
1	1	1	1	1	.	.	0
1	1	1	1	1	1	59.84	0
1	1	1	1	0	1	79.18	0
1	1	1	1	1	1	55.87	0
1	1	1	1	1	1	66.97	1
1	1	1	0	1	0	47.17	1
0	0	1	1	1	1	56.88	1
1	1	0	1	1	0	46.53	1
1	1	1	1	1	1	54.62	0
1	1	1	1	1	1	57.14	0
.	.	.	.	.	1	59.09	1
1	0	1	0	0	1	42.69	1
1	1	1	1	1	0	64.58	1
0	0	1	1	1	1	41.55	0
1	1	1	1	1	.	.	0
1	1	1	1	0	.	.	0
0	1	0	1	0	.	53.38	1
.	.	.	.	.	.	.	1
0	0	1	1	1	0	54.76	0
.	.	.	.	.	1	57.39	0
.	.	.	.	.	1	47.33	0
1	1	1	1	1	.	55.78	1
1	1	1	1	1	1	.	1
.	.	.	.	.	.	.	0
1	1	1	1	1	1	44.57	0
1	1	1	1	1	1	36.1	0
1	1	1	0	0	1	49.24	1
.	.	.	.	.	1	57.7	0
1	1	1	1	1	.	.	0
1	1	1	1	1	.	46.37	0
1	1	1	1	1	1	49.26	1
.	.	.	.	.	.	.	0
1	1	1	1	1	0	.	0
0	1	0	1	1	0	43.03	0
.	.	.	.	.	.	.	1
.	.	.	.	.	.	.	0
.	.	.	.	.	.	.	0
1	1	0	1	1	1	.	0
1	0	1	1	1	0	71.11	1
0	0	0	0	0	1	52.19	0
.	.	.	.	.	0	43.03	0
.	.	.	.	.	.	.	1
.	.	.	.	.	1	54.13	0
.	.	.	.	.	.	.	0
1	1	1	0	0	.	.	0
0	0	0	0	0	.	.	0
.	.	.	.	.	.	51.18	1
0	1	1	1	1	1	48	1
0	0	0	0	0	.	40.28	0
0	0	1	1	1	.	.	0
0	0	1	1	1	1	51.63	1
0	1	0	0	1	1	36.56	0
0	0	0	0	1	1	44.12	1
1	1	1	1	1	1	.	1
1	1	0	1	0	1	34.69	0
0	1	1	1	1	1	56.13	1
1	1	1	1	1	0	.	1
1	1	1	0	0	1	71.46	0
0	0	0	0	1	1	42.4	0
0	0	1	0	1	.	.	0
.	.	.	.	.	1	49.11	1
1	1	1	0	0	1	.	1
1	0	0	.	1	0	36.61	1
1	0	1	0	1	.	.	0
1	1	1	0	1	1	42.74	0
1	1	1	1	1	.	39.46	0
1	1	1	1	1	.	.	1
0	0	1	0	1	.	.	0
.	1	1	0	0	1	32.93	1
1	1	1	0	1	.	.	1
1	0	1	1	1	1	46.69	1
1	1	1	1	1	.	.	0
1	1	1	1	1	1	77.24	1
1	1	1	0	0	.	.	0
1	1	1	0	1	0	37.96	0
1	1	1	1	1	.	.	0
1	1	1	0	0	.	.	0
1	1	1	1	1	0	45.3	0
0	0	0	1	1	.	.	0
1	1	1	1	0	1	68.6	1
0	0	0	0	0	0	38.03	0
0	1	0	0	0	.	44.42	0
0	0	0	1	0	0	46.26	1
1	0	1	1	1	1	43.74	0
1	0	1	0	0	.	.	0
0	1	1	0	1	.	.	0
0	0	0	0	0	.	.	0
1	1	1	0	0	.	.	0
0	0	0	0	0	.	.	0
1	1	1	1	1	1	70.17	0
0	0	0	0	0	1	53.95	0
.	.	.	.	.	.	.	0
1	1	0	0	0	.	.	0
1	0	1	0	0	0	45.32	0
1	1	1	0	0	.	.	0
1	0	0	1	0	.	.	1
0	0	0	1	0	.	.	0
0	0	1	0	0	.	56.55	0
1	1	1	0	1	.	.	0
1	1	1	1	1	1	56.16	0
1	1	1	1	1	.	62.91	0
0	0	0	1	1	1	45	1
1	1	1	1	1	1	.	0
0	0	0	1	1	.	.	1
1	1	1	0	1	.	.	1
0	0	0	1	0	.	.	0
0	1	1	1	1	.	.	0
1	1	1	0	0	1	.	0
1	1	0	0	0	0	40.79	1
1	1	1	1	1	1	.	1
1	1	1	0	1	.	.	0
1	1	1	0	0	1	42.26	1
1	0	0	.	0	.	.	0
1	1	1	0	0	1	50.52	1
1	1	1	0	0	1	51.66	1
1	1	1	1	1	.	.	1
1	1	1	0	1	.	.	1
0	0	0	1	0	.	.	0
1	1	0	0	0	.	.	1
.	.	.	.	.	.	.	0
1	1	1	0	0	1	41.34	1
1	1	1	0	0	.	.	1
1	1	1	0	1	.	.	1
0	0	0	0	0	0	38.89	0
1	1	1	1	1	0	51.54	0
1	1	1	0	1	0	.	1
1	1	1	0	0	1	30.37	1
1	1	0	0	0	1	37.32	1
.	.	.	.	.	.	.	0
1	1	0	0	1	.	.	1
0	0	.	0	1	.	.	0
0	0	1	0	0	.	.	1
1	1	1	0	1	.	.	0
1	1	0	0	1	.	.	0
.	.	.	.	.	.	.	0
1	1	1	0	1	.	54.82	1
1	1	0	0	0	.	.	0
.	.	.	.	.	1	54.32	0
0	1	0	1	1	.	.	0
.	.	.	.	.	.	.	0
1	1	1	0	0	1	46.41	1
1	1	1	0	0	.	.	0
1	1	0	0	0	0	45.36	0
1	0	1	0	0	.	.	0
0	0	1	1	1	.	.	0
.	.	.	.	.	.	.	1
1	1	0	0	0	.	.	1
0	1	1	1	1	1	47.59	0
1	1	1	1	1	.	.	0
.	.	.	.	.	.	.	1
0	1	0	1	0	1	46.18	1
1	1	1	1	0	.	.	1
0	0	0	0	0	0	42.18	0
1	1	1	1	1	1	43.81	1
0	0	1	1	1	0	33.46	0
1	1	1	0	1	1	44.62	0
0	0	1	1	1	.	.	1
1	1	1	1	0	.	.	1
1	1	1	1	1	0	44.36	1
1	1	1	0	0	.	.	0
.	.	.	.	.	.	61.23	0
1	1	1	1	1	.	.	0
1	1	1	0	0	.	.	1
0	0	0	0	0	.	.	0
1	1	1	1	1	1	84	1
1	1	1	0	1	1	70.44	1
0	0	0	0	0	1	68.48	1
1	1	1	1	1	0	72.01	0
1	0	1	0	0	0	49.19	0
0	0	0	.	0	0	69.9	1
1	1	1	1	1	1	69	1
1	1	1	1	1	1	66.37	0
.	.	.	.	.	1	62.84	0
1	1	1	0	1	1	77.39	0
.	.	.	.	.	1	36.83	0
0	1	0	1	1	1	59.18	0
.	.	.	.	.	1	48.46	0
0	1	1	1	1	1	63.82	1
1	1	1	1	1	1	75.3	0
0	1	1	0	0	1	65.42	0
1	1	1	1	1	1	58.06	1
1	1	1	1	1	0	69.19	1
1	1	1	1	1	1	84.55	0
1	1	1	1	1	1	92.01	0
0	0	0	0	0	.	.	0
0	1	1	1	1	1	75.81	0
1	1	1	1	1	1	64.27	1
1	1	1	0	1	1	51.78	0
1	1	1	0	0	1	66.37	1
1	1	1	1	1	1	66.65	0
1	0	0	0	1	1	53.11	1
1	1	0	1	1	0	49.23	1
1	1	1	1	1	1	72.08	1
1	1	1	1	1	1	61.4	1
1	1	1	1	1	0	64.6	1
1	1	1	0	1	1	76.46	1
0	0	1	1	1	0	50.05	1
1	1	1	1	1	1	62.78	1
1	1	1	0	0	1	56.72	0
.	.	.	.	.	.	.	0
0	0	1	0	0	0	.	1
1	1	1	1	1	.	.	0
1	1	1	1	1	1	73.48	0
1	1	1	1	1	1	76.08	0
0	0	0	0	0	0	32.74	0
1	1	1	0	1	1	61.89	0
0	0	0	0	0	1	52.55	0
1	0	1	0	0	0	61.53	1
1	1	1	1	1	0	37.16	0
0	1	1	1	1	1	72.48	1
1	1	1	1	0	.	.	1
1	1	1	0	1	.	62.65	1
1	1	1	1	1	1	74.77	0
1	1	1	1	1	1	78.46	0
0	1	0	0	0	1	79.91	0
1	0	1	1	1	1	42.84	1
1	1	1	1	1	1	58.61	1
1	1	1	1	1	1	57.96	1
0	0	0	1	1	1	55.42	1
1	1	1	1	1	1	68.07	1
1	1	1	1	1	0	68.42	1
1	1	1	0	0	1	77.8	1
0	0	1	1	0	1	.	1
1	1	1	0	0	0	.	0
1	1	1	0	1	.	75.57	0
1	1	1	0	1	1	57.08	1
0	0	1	1	1	1	65.76	1
1	1	1	0	1	.	.	1
1	0	1	1	1	1	74.18	1
1	1	1	1	1	1	62.5	1
1	1	1	1	1	1	90.11	0
1	1	1	1	1	1	71.3	1
1	1	1	1	1	1	71.77	0
.	1	1	1	1	.	.	1
1	1	1	1	0	1	54.72	1
1	1	1	1	1	1	80.16	1
1	1	1	1	1	1	71.22	0
0	1	1	0	1	0	61.09	1
1	0	1	1	1	0	62.32	0
1	1	1	1	1	1	79.21	0
1	1	1	1	1	1	83.06	0
1	0	1	1	1	0	83.8	0
0	1	1	0	1	0	80.21	0
1	1	1	1	1	.	.	1
1	1	1	1	1	.	.	1
1	1	1	1	1	.	.	1
1	0	1	1	1	0	73.43	1
1	1	1	1	1	.	.	1
1	1	1	1	1	1	80.4	1
1	0	0	0	1	0	74.48	1
1	1	1	1	1	1	70.43	1
1	1	0	.	1	.	.	0
1	0	1	1	1	1	71.36	1
1	1	1	1	1	1	69.05	1
1	1	1	1	1	0	69.06	1
1	1	1	1	1	0	70.39	0
1	1	1	1	1	.	.	0
1	1	1	1	1	1	45.49	0
1	1	1	0	0	.	.	0
1	1	1	1	1	0	.	0
1	1	1	1	1	.	.	0
1	1	1	1	0	1	72.76	0
1	1	1	1	1	1	73.29	1
1	1	1	1	1	0	63.72	1
1	1	1	1	1	.	.	1
1	1	1	1	0	1	70.37	1
1	1	1	1	1	1	66.57	1
1	1	1	1	1	1	.	0
1	1	1	1	1	1	62.82	0
1	1	1	1	1	0	.	1
.	.	.	.	.	1	60.74	1
0	1	1	1	1	1	59.17	1
1	1	1	1	1	0	60.91	0
1	1	1	1	1	0	56.61	0
.	.	.	.	.	.	.	0
1	1	1	0	0	.	.	1
1	1	1	1	1	1	49.07	1
1	1	1	1	1	1	45.49	1
1	1	1	0	0	1	52.87	1
1	1	1	1	1	0	45.06	1
0	0	0	0	0	1	55.25	0
1	1	0	0	1	.	.	0
1	1	1	1	1	1	69.06	0
1	1	1	0	0	0	46.17	0
1	0	0	0	0	0	50.42	0
.	.	.	.	.	1	59.7	0
0	0	0	0	0	1	33.34	1
1	1	1	1	1	1	51.74	1
1	1	1	1	1	1	42.84	1
1	1	1	1	1	1	85.76	0
1	1	1	1	0	.	.	0
0	1	1	1	1	1	72.07	1
1	0	1	1	1	0	71.89	1
0	0	0	1	0	1	79.23	1
0	0	0	0	0	1	.	0
.	.	.	.	.	0	39.01	0
1	1	1	1	1	1	58.43	0
1	1	1	1	1	.	.	1
1	1	1	1	1	1	47.72	1
0	1	1	1	1	.	43.57	1
0	0	1	0	0	0	.	1
.	.	.	.	.	.	63.09	1
1	1	1	1	1	0	48.46	1
1	1	1	1	1	1	43.55	1
1	1	1	1	0	1	76.16	1
0	0	1	1	1	0	62.46	1
0	0	0	1	1	0	72.89	0
0	1	1	1	1	.	58.32	1
0	1	1	1	1	0	70.5	0
0	1	1	1	1	.	.	0
.	.	.	.	.	0	66.66	1
1	0	1	0	0	.	26.57	0
.	.	.	.	.	1	58.64	0
.	.	.	.	.	1	31.65	0
1	1	1	1	1	.	53	1
1	1	1	1	1	1	.	0
1	1	1	1	1	.	41.8	0
0	0	1	1	1	.	.	1
1	1	1	1	1	1	.	0
.	.	.	.	.	.	.	0
1	1	1	1	1	1	63.26	0
1	1	1	1	1	1	42.19	1
0	0	0	0	0	0	61.38	0
0	0	0	0	0	0	47.37	0
1	0	1	0	0	1	.	0
0	0	1	0	0	1	43.33	0
1	1	1	1	1	1	57.83	1
1	1	1	1	0	1	68.85	0
.	.	.	.	.	.	.	1
.	.	.	.	.	.	.	0
1	1	1	1	1	1	47.62	1
0	0	0	1	1	1	29.29	0
.	.	.	.	.	.	.	0
1	1	1	1	0	1	60.78	0
1	1	1	1	0	1	57.53	0
1	1	1	1	1	.	.	0
.	.	.	.	.	0	54.23	1
1	0	1	0	0	.	36.29	0
1	1	1	.	1	1	43.39	1
0	1	1	0	1	0	62.69	1
1	1	1	1	1	0	.	0
1	1	1	1	1	1	.	1
1	1	1	1	0	1	55.36	1
1	1	0	1	1	.	.	0
.	.	.	.	.	0	40.63	1
.	.	.	.	.	.	.	1
1	1	1	1	1	1	.	0
.	.	.	.	.	.	.	1
1	1	1	1	1	0	.	0
0	0	0	0	0	1	38.03	1
1	1	1	0	1	0	60.4	0
1	1	1	1	1	1	60.29	1
1	1	1	0	1	.	.	0
1	1	1	1	1	1	67.96	0
1	1	1	0	1	1	56.63	1
1	1	1	1	1	1	78.14	1
1	1	1	0	1	1	67.1	1
1	1	1	0	0	.	.	0
1	1	1	1	1	1	57.11	1
1	1	1	1	1	.	76.75	0
1	0	0	0	1	0	48.71	1
1	1	1	1	0	0	64.75	1
1	1	1	1	1	.	43.21	0
0	0	0	1	0	1	59.61	1
.	.	.	.	.	.	.	1
1	1	0	1	0	1	.	0
1	1	1	1	1	1	66.89	1
1	1	1	1	1	1	.	1
.	.	.	.	.	0	64.53	1
0	0	1	0	0	0	42.11	0
1	1	1	1	.	.	.	1
1	1	1	1	1	1	63.62	0
1	1	1	0	1	.	63.08	1
1	1	1	1	1	.	56.62	1
1	.	0	0	0	0	30.79	0
0	0	1	0	1	0	56.44	1
1	1	1	0	0	1	.	1
.	.	.	.	.	.	.	1
1	0	1	1	1	0	.	0
.	.	.	.	.	.	.	0
1	1	1	0	0	1	34.01	1
1	1	1	0	0	0	44.85	0
1	0	0	1	.	0	.	0
1	1	1	1	1	1	44.98	1
1	1	1	1	1	1	58.78	1
1	1	1	1	1	1	.	0
.	.	.	.	.	.	.	0
0	0	1	0	1	1	61.74	1
1	1	1	1	1	1	58.1	1
0	0	0	1	1	0	.	0
.	.	.	.	.	1	56.63	0
1	1	1	1	1	1	77.92	1
1	1	1	.	1	1	69.3	0
0	0	1	1	1	1	45.83	1
1	1	1	0	0	1	.	0
.	.	.	.	.	1	68.66	0
1	1	1	1	1	1	72.66	0
0	0	0	0	1	1	51.59	1
1	1	1	1	1	1	45.53	0
1	1	1	0	0	.	.	0
0	1	0	1	1	0	34.45	1
1	1	1	1	1	.	.	0
1	1	1	1	1	.	.	0
.	.	.	.	.	1	.	0
0	1	1	0	0	0	60.52	1
1	1	1	0	1	1	.	1
1	1	1	1	1	1	71.47	1
1	1	1	1	1	1	61.03	1
1	1	1	0	0	1	53.5	1
1	1	1	1	1	1	61.07	1
.	.	.	.	.	.	.	0
1	0	1	1	0	1	.	0
1	1	1	0	1	1	51.92	1
1	1	1	1	1	1	55.04	1
0	0	1	0	1	1	46.26	1
1	1	1	.	1	1	60.4	1
1	0	0	1	0	.	.	1
1	1	1	1	1	.	.	1
0	0	1	0	1	.	.	0
1	1	1	0	0	.	.	1
.	.	.	.	.	.	53.5	0
.	.	.	.	.	1	60.51	0
.	.	.	.	.	0	46.87	0
1	1	1	0	0	1	74.1	0
0	1	1	1	1	0	54.33	1
1	1	1	1	1	.	.	0
.	.	.	.	.	1	50.63	1
1	1	1	0	1	1	60.03	0
.	.	.	.	.	.	73.53	0
1	1	1	1	1	.	71.1	0
0	1	1	1	1	0	40.65	1
0	0	0	0	1	1	57.51	1
0	0	0	0	0	0	45.99	0
1	1	1	1	1	0	77.22	0
0	0	1	1	1	.	.	1
0	0	0	0	0	.	.	0
.	.	.	.	.	.	.	0
.	.	.	.	.	.	77.09	0
0	0	0	0	0	0	58.96	0
0	1	1	0	1	.	81	0
.	.	.	.	.	.	.	0
1	1	1	1	0	.	85.66	0
0	0	0	1	1	.	.	1
1	1	1	0	0	.	.	0
1	1	1	1	1	1	57.64	1
1	1	1	1	1	.	.	0
.	.	.	.	.	.	.	1
1	0	1	1	1	.	.	0
1	1	1	1	1	1	65.21	1
0	1	1	1	1	1	.	0
.	.	.	.	.	.	.	1
.	.	.	.	.	.	.	0
1	1	1	0	0	.	48.44	1
1	1	1	1	1	1	67.29	0
.	.	.	.	.	.	.	0
.	.	.	.	.	1	62.61	1
1	1	1	1	1	.	.	1
1	1	1	1	1	1	.	1
1	1	1	1	1	.	.	0
1	1	1	1	1	1	77.96	0
1	1	1	1	1	1	.	0
0	0	1	0	0	0	65.84	1
0	0	1	.	1	1	59.35	1
.	.	.	.	.	.	.	1
.	.	.	.	.	.	.	0
0	0	0	0	1	1	60.95	1
1	1	1	1	1	0	69.24	0
0	1	1	1	1	0	75.68	1
.	.	.	.	.	.	52.83	0
1	1	1	1	1	.	.	1
.	.	.	.	.	1	66.6	0
1	1	1	1	1	.	44.19	1
.	.	.	.	.	.	.	0
.	.	.	.	.	.	.	1
.	.	.	.	.	.	.	1
0	1	0	0	1	1	57.02	0
1	1	1	0	1	0	70.2	1
.	.	.	.	.	0	66.35	1
0	0	0	0	0	.	.	0
.	.	.	.	.	.	.	0
1	1	1	1	1	1	48.68	0
0	1	1	0	0	0	56.37	0
1	1	0	0	1	0	55.96	1
.	.	.	.	.	.	.	1
1	1	1	0	0	0	69.7	1
0	0	1	0	1	.	61.9	1
0	0	0	0	1	1	44.94	1
.	.	.	.	.	1	47.5	1
1	1	1	1	0	1	56.11	0
0	1	1	1	1	1	47.86	1
0	1	1	0	0	1	.	0
1	0	0	0	0	1	34.7	0
1	0	1	1	1	1	52.53	0
1	1	1	1	0	1	67.38	0
1	1	1	1	1	1	48.04	1
1	0	1	0	0	.	.	1
0	1	1	0	1	1	34.73	0
0	0	1	0	0	1	55.74	1
1	1	1	.	1	0	.	1
0	0	0	0	0	.	.	0
1	1	0	1	1	1	43.26	0
0	0	0	1	1	0	34.68	0
1	1	1	1	1	1	58.06	1
1	1	0	1	1	.	.	0
0	1	1	0	1	0	43.07	0
1	1	0	0	0	1	63.32	0
1	1	1	1	1	1	46.31	0
1	1	1	1	1	.	.	1
1	0	1	0	1	.	51.93	1
1	1	1	0	1	0	41.86	1
1	1	1	0	1	0	.	0
1	1	1	0	1	1	48.57	1
1	0	1	0	0	0	52.96	0
0	0	1	0	1	0	46.72	1
0	0	1	1	1	1	58.43	1
1	1	1	1	0	0	59.97	1
1	0	1	0	0	1	.	1
1	1	1	0	1	1	64.56	0
1	0	1	0	1	.	60.6	1
1	0	1	0	1	1	80.67	0
0	1	1	1	1	1	54.46	0
.	.	.	.	.	.	.	1
1	1	1	1	1	1	65.73	1
1	1	0	0	1	.	64.22	0
1	1	0	1	1	.	.	0
0	0	0	0	0	1	41.12	0
1	1	1	0	1	.	.	0
.	.	.	.	.	.	.	1
1	1	1	1	1	.	.	1
1	0	1	0	1	1	54.69	0
0	0	0	0	0	.	.	1
1	0	0	0	1	0	.	0
1	1	1	1	1	.	.	1
1	1	1	1	1	.	.	1
0	0	1	1	1	1	41.4	1
1	1	1	0	1	0	46.62	0
0	1	0	0	0	.	.	0
1	1	1	0	1	0	39.55	0
0	0	1	0	1	1	57.28	1
1	1	0	1	0	0	41.69	0
1	0	0	0	1	1	40.89	0
0	0	0	1	1	0	46.04	1
0	1	1	0	1	1	39.16	0
1	1	1	0	0	1	41.17	0
1	1	1	1	1	1	65.16	0
1	1	1	0	1	1	71.14	0
1	1	1	0	0	0	.	0
0	0	0	0	1	0	.	1
1	1	1	0	0	.	.	1
0	1	1	0	1	0	50.2	0
0	0	0	1	0	1	50.48	0
0	0	0	0	0	1	.	1
.	.	.	.	.	1	63.58	0
1	1	1	1	1	1	44.47	1
0	0	0	.	1	1	40.48	1
0	0	0	0	0	1	34.59	1
1	1	1	1	1	1	74.25	0
1	1	1	1	1	1	51.48	1
.	.	.	.	.	1	46.8	1
.	.	.	.	.	1	59.89	0
.	.	.	.	.	1	58.28	1
1	1	1	1	1	1	77.17	0
0	0	0	1	1	.	.	1
0	0	0	1	1	.	.	1
.	.	.	.	.	0	64.25	1
.	.	.	.	.	.	63.6	1
.	.	.	.	.	.	.	0
1	1	0	1	1	.	.	0
1	1	1	1	1	.	.	0
.	.	.	.	.	.	59.15	0
.	.	.	.	.	1	48.91	0
1	1	1	0	0	.	.	0
1	1	1	0	0	0	.	1
0	0	0	0	1	0	30.26	0
0	0	1	0	0	0	.	0
1	1	0	1	1	1	67.22	0
1	1	1	1	1	.	.	0
1	1	1	1	1	1	.	0
1	1	1	1	1	1	49.45	1
.	.	.	.	.	.	.	1
.	.	.	.	.	1	57.27	0
0	0	0	1	0	.	.	0
1	0	0	0	1	0	57.37	1
.	.	.	.	.	.	.	0
1	1	1	0	1	0	71.57	0
1	1	1	0	0	.	.	0
1	1	1	1	0	.	.	1
.	.	.	.	.	.	.	1
1	1	1	0	0	1	36.27	0
1	1	1	1	1	1	64.73	1
0	1	1	0	0	1	64.87	0
1	1	1	1	1	1	78.65	0
0	1	1	0	1	.	.	0
1	1	1	0	0	.	.	0
1	1	1	0	0	0	.	1
1	1	1	1	0	0	.	1
1	1	1	1	0	1	43.9	0
1	0	0	0	1	.	.	1
.	.	.	.	.	1	48.51	1
1	1	1	1	1	1	70.16	0
1	1	1	1	1	1	76.69	1
1	1	1	1	1	0	73.17	1
1	1	1	1	0	1	71.16	1
0	1	1	1	1	1	68.82	1
1	1	1	1	1	0	72.65	1
1	1	1	0	1	0	.	1
.	.	.	.	.	0	.	1
0	1	1	1	1	.	.	0
1	1	1	1	1	.	.	0
1	1	1	0	1	.	.	0
1	1	1	1	1	1	74.09	1
1	1	1	0	1	.	.	1
.	.	.	.	.	1	86.78	1
1	0	1	1	1	1	75.75	1
0	0	0	0	1	1	63.94	1
1	1	1	1	1	0	.	0
1	1	1	1	1	0	67.8	1
1	0	1	0	0	0	64.04	1
.	.	.	.	.	.	.	1
1	1	1	1	1	.	.	0
1	1	1	1	1	1	77.64	1
1	1	1	1	1	1	59.34	1
1	1	1	1	1	0	55.4	1
1	1	1	0	1	1	93.2	0
0	0	1	0	1	0	66.75	1
.	.	.	.	.	.	.	0
0	1	1	1	1	0	62.51	1
.	.	.	.	.	0	.	1
1	1	1	1	1	1	68.66	1
1	1	1	1	1	.	.	0
1	1	1	.	1	.	.	0
1	1	1	1	1	0	71.54	0
1	1	1	1	1	1	68.39	1
0	1	1	1	1	0	57.86	1
0	0	1	1	1	.	.	1
0	0	0	0	0	1	.	0
0	0	0	.	.	1	74.4	1
1	1	1	1	1	1	67.14	1
.	.	.	.	.	.	.	0
.	.	.	.	.	.	77.38	0
.	.	.	.	.	.	.	1
1	1	1	1	1	1	80.46	1
.	.	.	.	.	1	43.11	1
.	.	.	.	.	0	68.15	1
1	0	1	0	0	1	68.09	1
1	1	0	1	1	0	.	1
1	1	1	1	0	1	66	0
1	1	1	1	1	.	.	0
1	1	1	0	1	1	66.35	1
0	1	1	0	0	0	.	0
1	1	1	1	1	0	.	0
1	1	1	1	1	1	.	1
0	0	1	0	1	1	70.68	1
1	1	1	1	1	1	74.73	1
.	.	.	.	.	.	.	0
0	1	1	1	1	.	.	1
0	0	0	0	1	.	.	1
.	.	.	.	.	.	.	0
.	.	.	.	.	0	76.41	0
1	1	0	1	0	.	38.04	0
0	0	0	0	0	0	71.59	0
0	0	1	0	0	0	.	1
.	.	.	.	.	.	.	0
.	.	.	.	.	.	.	0
0	1	0	1	1	0	76.52	1
1	1	0	0	0	.	.	0
0	1	1	1	1	.	.	1
0	1	0	1	1	0	54.87	1
0	0	0	0	0	.	.	0
1	1	1	1	1	.	.	0
0	0	1	1	1	1	.	1
0	1	1	0	0	.	.	0
.	.	.	.	.	0	.	1
0	0	0	0	0	.	.	1
.	.	.	.	.	.	.	0
0	0	0	0	1	1	.	1
1	1	1	1	1	1	.	1
0	0	1	1	1	1	62.9	1
0	1	1	1	0	1	63.82	1
1	1	1	0	0	0	62.38	1
.	.	.	.	.	.	.	0
0	0	0	0	1	1	69.39	1
0	0	0	1	0	0	66.51	1
1	1	1	1	1	0	.	1
1	1	1	1	1	.	.	1
0	0	1	0	0	1	.	1
.	.	.	.	.	1	67.33	1
0	0	0	0	0	0	.	1
1	.	.	.	.	.	.	0
0	0	0	1	1	.	.	1
0	0	0	0	0	1	73	1
1	1	1	0	1	.	.	1
.	.	.	.	.	.	.	0
.	.	.	.	.	.	.	1
1	1	1	1	0	.	.	1
0	0	0	0	1	1	45.17	0
1	0	1	1	0	.	.	0
1	1	0	0	0	0	52.87	0
.	.	.	.	.	0	.	0
1	0	0	1	0	.	.	1
1	0	1	1	0	.	.	0
0	0	0	1	0	.	.	1
.	.	.	.	.	.	.	0
1	1	1	1	1	0	.	0
.	.	.	.	.	.	.	0
0	0	0	0	0	0	39.03	1
1	1	1	1	1	1	71.98	1
1	1	1	0	0	1	63	1
1	1	0	0	0	.	.	0
0	0	0	0	0	0	.	0
.	.	.	.	.	.	.	1
0	0	0	0	1	1	52.26	0
1	1	1	0	0	.	.	0
1	1	1	1	1	1	81.34	0
1	1	0	0	1	0	54.33	0
1	1	1	.	1	1	66.73	0
1	1	1	1	1	1	52.87	1
0	1	.	1	1	1	88.14	0
1	1	1	1	1	1	74.24	1
0	0	1	1	0	1	62.97	1
1	1	1	0	0	1	55.39	1
0	0	0	1	1	0	61.42	0
.	.	.	.	.	.	.	1
1	1	1	1	1	1	72.55	1
1	1	1	1	0	1	59.36	0
1	0	1	1	1	1	46.36	0
1	1	1	0	1	1	71.76	1
0	0	1	0	1	0	45.33	1
1	1	1	1	1	1	71.64	0
.	.	.	.	.	.	.	0
0	0	1	1	1	1	71.37	1
0	0	1	0	1	0	68.05	1
1	1	1	1	1	.	.	0
1	1	1	1	1	.	.	0
1	1	0	1	1	0	62.35	1
1	1	1	1	1	.	.	0
1	1	1	0	0	.	.	0
0	1	1	1	1	0	62.19	0
1	1	1	1	1	1	62.35	1
0	0	1	0	0	1	54.79	1
1	1	1	1	1	1	59.93	1
0	0	1	0	0	0	59.18	0
0	0	0	1	1	.	53.56	0
1	1	1	1	1	1	83.33	1
1	1	1	1	1	1	76.45	0
0	1	1	1	1	.	.	1
1	1	1	1	1	1	66.93	1
1	1	1	1	1	0	69.14	1
0	0	0	1	1	0	54.37	1
1	1	1	1	1	1	78.16	1
0	0	1	0	1	0	.	0
1	0	1	0	1	0	69	1
0	1	1	1	1	1	73.79	1
1	1	1	1	1	0	74.51	1
0	1	1	0	1	1	61.65	0
1	1	1	1	1	1	83.22	0
0	0	0	1	1	0	41.03	0
1	1	1	1	0	1	73.55	0
1	1	1	1	1	1	72.22	1
1	1	1	1	0	1	69.53	0
1	1	1	1	1	1	82.5	0
1	1	1	1	1	.	.	1
1	1	1	1	1	0	52.43	0
0	1	1	1	1	1	55.7	1
.	.	.	.	.	0	73.36	0
0	0	1	1	1	0	73.89	1
1	1	1	1	1	1	91.47	0
1	1	1	1	1	0	71.16	1
1	1	1	1	1	.	70.21	1
.	.	.	.	.	.	.	0
0	0	0	0	0	1	66.21	0
0	1	1	0	0	1	55.8	0
1	1	1	1	1	1	66.07	0
1	1	1	1	1	.	.	1
1	1	0	1	1	.	.	0
0	0	0	0	0	.	.	1
1	1	1	0	0	.	.	1
1	1	1	1	1	1	86.29	0
1	1	1	0	1	.	.	1
0	1	0	0	1	.	.	1
.	.	.	.	.	.	.	1
1	1	1	1	1	.	.	1
1	1	1	1	1	1	52.61	0
1	1	1	1	1	.	.	1
0	0	1	1	1	.	.	0
1	1	1	1	1	.	.	1
1	1	1	1	1	.	.	1
1	0	0	0	1	.	.	0
1	1	1	1	1	.	.	0
0	1	1	1	1	1	56.74	1
1	1	1	1	1	.	.	1
1	1	1	1	1	.	.	1
0	0	0	0	0	.	.	0
1	1	1	1	1	.	.	1
1	1	1	1	1	.	.	1
1	1	0	1	1	0	51.57	1
1	1	1	1	1	1	48.98	0
1	1	1	1	1	.	.	1
0	1	0	0	0	.	.	0
1	1	0	0	0	.	.	1
1	0	1	1	1	0	56	1
1	1	1	0	0	.	.	1
1	1	1	0	.	.	.	0
0	0	1	1	1	1	80.44	0
0	0	1	0	0	0	66.46	1
1	1	1	1	1	.	.	1
1	1	1	1	1	.	.	0
1	1	1	1	1	.	.	0
1	1	1	1	1	0	65.02	1
1	0	1	0	0	.	.	0
1	1	1	1	1	.	.	0
1	1	1	1	1	.	.	0
.	.	.	.	.	.	.	0
1	1	1	1	1	1	65.6	0
1	1	1	1	1	.	.	0
0	1	1	1	1	.	.	0
1	1	1	1	1	0	68.34	0
1	1	1	1	1	.	.	1
1	1	1	1	1	.	.	0
1	1	0	0	1	1	63.61	1
1	1	1	0	0	.	.	0
1	0	1	1	1	.	.	0
1	1	1	1	1	1	55.36	1
1	1	1	0	1	.	.	1
1	1	1	1	1	1	65.59	1
0	0	1	0	0	.	.	0
1	1	1	1	1	.	.	1
0	0	0	0	1	.	.	1
1	0	1	1	1	1	53.43	0
1	1	1	1	1	.	.	0
0	1	1	1	1	.	.	0
1	1	0	1	1	1	68.4	0
1	1	1	0	0	.	.	0
0	0	1	0	0	.	.	1
0	1	1	1	1	1	57.69	1
1	1	1	1	1	.	.	0
1	1	1	1	1	.	.	1
1	1	1	1	1	.	.	1
1	1	1	0	0	.	.	0
1	1	1	1	1	0	56.12	1
1	1	1	1	1	.	.	1
0	0	0	0	0	.	.	0
1	1	1	1	1	.	.	0
1	1	1	1	1	1	67.2	0
0	1	1	0	1	1	77.88	0
1	1	1	1	1	1	86.1	0
1	1	0	.	1	1	61.45	0
1	1	1	1	1	1	57.57	0
1	1	1	1	1	1	61.97	0
0	1	1	1	1	.	.	0
1	1	1	1	1	1	60.63	0
1	1	1	1	1	1	60.51	1
0	0	0	0	0	0	62.08	1
1	1	1	1	1	0	70.17	1
0	1	1	0	1	0	66.72	1
1	1	0	1	0	1	52.64	0
1	1	1	1	1	1	74.18	0
1	1	0	1	1	0	51.02	1
1	1	1	0	0	.	.	1
1	1	1	0	0	0	56.5	0
1	1	1	1	1	1	72.54	0
1	1	1	1	1	0	65.11	1
0	1	1	1	1	0	68.98	1
1	1	1	1	1	.	.	1
0	1	1	0	1	1	59.49	0
0	1	1	1	1	.	.	0
1	1	0	0	.	.	.	0
0	1	0	1	0	0	65.96	1
1	1	1	1	1	0	66.92	1
1	1	1	0	1	1	74.59	0
0	1	1	1	1	0	.	0
1	1	1	1	1	0	66.61	0
1	1	1	1	1	1	80.19	0
1	1	1	1	1	1	68.9	0
1	1	1	0	0	1	53.06	1
1	1	1	1	1	1	67.43	0
0	0	1	0	1	0	59.59	0
0	0	1	0	1	1	57.11	1
1	1	1	1	1	1	34.42	0
1	1	1	1	0	0	51.24	0
1	1	1	1	1	1	59.09	0
0	1	0	1	1	0	83.2	0
1	1	1	1	1	0	68.5	1
1	1	1	0	0	1	52.77	0
0	1	0	1	0	1	66.69	0
0	0	1	0	0	.	75.96	1
1	1	1	1	1	1	57.39	1
1	1	1	1	0	1	59.95	1
1	1	1	0	0	1	52.24	0
1	1	1	0	0	0	45.7	1
1	1	1	1	1	1	67.13	0
1	1	1	1	1	0	.	1
0	0	0	.	0	0	44.41	1
0	1	1	1	1	1	57.04	0
1	0	1	0	0	0	46.26	0
1	0	0	1	.	1	51.08	1
0	1	1	1	1	1	45.36	1
1	1	1	1	1	1	69.27	1
0	0	1	1	1	1	65.26	1
.	.	.	.	.	.	.	0
1	1	1	0	0	0	66.37	0
.	.	.	.	.	.	.	0
1	1	1	1	1	1	44.97	1
1	1	1	1	1	1	84.03	1
1	0	0	0	1	.	52.95	1
0	0	0	0	0	0	55.52	1
1	1	1	1	1	0	50.83	1
0	0	0	0	1	.	.	1
0	0	0	0	0	1	53.69	0
0	1	1	0	1	1	62.57	1
1	1	1	1	0	0	45.03	0
.	.	.	.	.	0	40.54	0
1	1	1	1	1	.	61.56	0
0	1	1	1	1	1	48.5	1
.	.	.	.	.	1	40.41	0
.	.	.	.	.	.	.	1
0	0	0	1	1	.	.	0
1	1	1	0	1	1	60.77	0
1	1	1	0	1	1	74.18	1
0	0	0	0	0	.	29.26	0
1	1	1	1	1	0	47.75	1
1	1	1	0	0	0	72.49	1
0	1	1	1	1	0	58.48	1
1	0	1	1	1	0	45.92	1
1	1	1	0	0	1	46.38	0
0	1	1	1	1	1	66.7	0
0	0	0	1	1	1	43.46	0
0	0	1	0	1	1	.	0
1	1	1	1	1	1	59.09	1
0	0	1	1	1	0	58.69	1
1	1	1	1	1	1	73	1
0	0	1	1	1	0	40	1
1	1	1	1	1	1	70.16	1
0	1	1	0	1	.	.	1
0	0	0	0	1	.	.	0
1	1	1	1	1	1	73.35	1
.	.	.	.	.	1	60.46	0
0	0	0	0	0	1	68.24	0
1	1	1	1	1	1	79.71	1
1	0	1	1	1	.	.	1
0	0	1	1	1	1	74.06	1
0	1	1	0	1	1	69.81	1
1	1	1	1	1	1	56.46	1
0	0	0	1	1	0	39.77	0
1	1	1	1	1	0	57.96	1
0	1	1	1	1	1	67.39	0
1	0	1	1	1	1	43.53	1
1	1	1	1	1	1	.	1
1	1	1	1	1	0	.	0
1	1	1	0	0	1	.	0
1	1	0	0	0	1	34	0
.	.	.	.	.	0	33.52	0
0	0	0	1	1	1	.	1
1	1	1	1	1	0	.	1
1	1	1	1	0	1	48.45	1
1	1	1	1	1	0	55.18	0
1	1	1	1	1	0	.	0
1	1	1	1	1	.	53.63	0
0	1	0	0	0	1	32.12	0
1	1	0	1	1	1	.	1
0	0	0	1	1	0	33.85	0
0	0	0	0	0	0	38.46	0
1	1	0	1	0	1	34.59	0
1	1	1	1	1	1	.	0
1	1	1	0	0	0	.	1
0	1	1	1	1	1	46.87	1
1	1	1	0	0	0	.	0
0	1	0	0	0	0	.	1
0	0	1	0	0	0	29.91	0
0	1	1	0	1	0	44.12	0
0	0	0	0	0	0	.	0
0	1	1	0	1	1	47.62	0
.	.	.	.	.	1	.	0
0	0	1	0	0	0	.	0
0	1	.	1	1	1	.	0
1	1	1	0	0	0	42.19	0
0	0	1	0	1	0	.	0
0	0	0	0	1	.	.	1
1	1	1	1	1	0	36.25	0
0	0	1	0	1	0	38.09	0
1	1	0	1	1	0	50.27	1
1	1	1	0	0	0	.	0
0	1	1	1	1	0	36.34	0
1	1	1	1	1	1	.	1
0	0	0	0	1	1	75.51	1
.	.	.	.	.	0	38.37	1
0	0	0	0	1	1	37.85	1
1	0	1	0	0	0	44.04	0
.	.	.	.	.	1	40.28	1
0	0	1	0	1	1	.	0
0	0	0	0	0	1	54.01	1
.	.	.	.	.	1	.	0
0	0	1	0	1	0	36.06	1
0	1	0	0	0	1	39.1	0
0	0	0	0	0	0	40.84	0
0	1	0	0	0	0	65	1
1	1	1	1	1	0	.	0
1	0	1	1	1	1	.	1
.	.	.	.	.	1	.	1
1	1	1	1	1	1	52.16	0
1	1	1	1	1	1	59.01	0
1	1	1	0	0	1	.	1
1	1	1	1	1	1	52.95	1
1	1	1	1	1	1	.	0
.	.	.	.	.	1	35.2	1
0	1	0	0	0	.	54.2	1
0	1	.	1	1	1	56.72	1
0	1	1	0	0	1	69.32	1
0	0	1	0	1	1	66.25	0
1	1	1	1	1	1	84.41	0
1	1	1	1	1	1	79.44	0
1	1	1	1	1	1	.	1
1	1	1	1	1	0	72.72	1
1	1	1	1	1	1	93.27	0
1	1	1	1	1	1	42.89	0
1	0	1	0	1	0	64.47	0
1	1	1	1	1	1	62.12	1
1	1	1	1	1	0	61.11	0
0	1	1	1	1	1	62.9	0
0	0	1	1	1	0	50.2	1
1	0	1	1	1	1	55.24	0
0	0	0	1	1	1	53.81	0
1	1	1	1	1	1	52.74	1
1	1	1	1	1	1	76.55	0
0	1	0	0	1	1	48.54	1
0	0	0	0	0	1	60.15	0
1	1	1	1	1	1	66.69	1
1	1	1	1	1	1	53.35	1
1	1	1	1	1	1	64.93	0
0	0	0	0	0	1	61.66	0
0	0	0	0	1	1	63.62	0
0	0	1	0	0	1	53.37	1
1	1	1	1	1	1	63.32	0
0	0	0	0	0	0	60.48	0
.	.	.	.	.	.	.	0
0	1	1	1	0	1	64.24	0
0	1	1	1	1	.	.	0
1	1	1	0	0	1	66.72	1
1	1	1	1	1	1	70.39	1
1	1	1	0	0	.	38.37	0
1	0	0	1	0	1	49.53	1
0	1	1	1	1	1	76.24	0
1	1	1	1	1	0	56.56	0
0	1	1	1	1	1	54.22	0
0	1	1	1	0	1	72.28	1
0	0	0	0	0	1	58.35	1
0	0	0	0	1	0	59.26	0
1	1	1	1	1	1	60.48	0
1	0	0	0	0	0	68.41	1
1	1	0	0	0	0	72.96	0
1	1	.	1	1	1	69.21	0
0	1	0	0	1	1	70.77	1
.	.	.	.	.	1	.	1
0	0	1	1	1	1	64.38	0
0	0	0	0	0	1	65.07	0
1	1	1	1	1	0	67.76	0
0	0	1	0	1	1	56.56	0
0	0	0	0	0	0	40.09	1
0	0	1	1	1	0	67.44	0
.	.	.	.	.	1	55.01	1
0	0	1	1	1	1	46.19	1
1	1	0	0	1	1	.	1
1	0	1	1	0	1	57.56	1
0	0	0	0	1	1	.	1
1	1	1	1	1	1	68.75	0
1	1	1	1	1	1	90.47	0
0	1	1	0	1	1	73.62	0
0	1	1	0	1	1	68.56	1
1	1	1	1	1	1	69.3	1
0	1	0	0	1	0	70.23	1
0	0	1	1	1	0	82.26	0
1	1	0	1	1	1	73.24	1
0	0	0	0	0	1	51.04	1
0	0	0	.	1	1	45.3	0
0	0	1	1	0	0	71.81	1
0	1	1	1	1	0	48.25	0
0	0	1	0	1	1	56.26	1
1	0	0	0	0	.	47.89	0
1	1	1	0	0	1	.	0
0	1	1	0	0	1	69.96	1
0	1	1	1	1	1	71.05	1
0	0	1	0	1	1	63.14	0
.	.	.	.	.	.	.	0
1	1	0	0	1	1	72.42	1
0	0	0	0	1	0	47.48	1
0	0	1	1	1	1	57.75	1
1	1	1	1	1	1	70.41	0
0	1	1	1	1	1	45.97	0
1	1	.	0	0	1	52.5	0
1	1	1	1	1	0	52.13	0
0	0	0	0	1	0	54.9	0
0	0	0	0	1	0	51.83	0
1	1	1	1	1	0	78.67	1
.	.	.	.	.	1	36.28	1
1	1	1	0	0	1	59.02	0
1	1	1	0	1	0	49.67	1
1	1	1	1	1	1	78.06	0
0	1	1	0	0	0	36.55	1
0	0	0	0	0	0	.	0
1	1	1	1	1	.	.	0
1	1	0	1	1	1	47.55	1
0	1	1	0	0	0	73.12	1
1	1	1	1	1	1	53.54	0
0	0	0	0	0	.	.	1
.	0	0	0	1	1	57.24	1
1	1	0	1	1	1	64.44	1
1	1	1	1	1	1	58.91	1
1	1	1	1	1	1	72.31	1
.	.	.	.	.	1	60.5	0
1	1	1	0	1	0	42.55	0
0	1	0	0	0	0	57.36	1
1	1	1	0	0	0	37.74	0
.	.	.	.	.	0	39.15	1
1	1	1	1	1	1	72.35	0
1	1	1	1	1	1	49.48	0
1	1	0	1	1	1	67.07	1
0	0	1	0	0	1	56.38	1
1	1	1	0	1	0	71.8	1
0	0	0	0	0	.	.	1
0	0	0	0	0	1	53.08	0
.	.	.	.	.	.	.	1
1	1	1	1	1	1	68.71	0
0	0	0	0	0	1	49.62	1
1	1	1	1	1	1	64.51	1
1	1	1	0	0	1	58.61	0
1	1	1	1	1	.	.	0
1	1	1	1	1	1	89.02	0
0	1	0	0	1	1	54.36	1
1	1	1	1	1	1	75.56	1
1	1	1	0	1	.	.	0
1	0	0	0	1	0	66.09	0
0	0	0	0	0	1	73.38	0
1	1	1	0	1	0	70.5	0
1	1	1	1	1	1	73.81	0
1	1	1	1	1	1	63.89	0
1	1	1	1	1	.	.	0
1	1	1	1	1	0	55.53	1
1	1	1	0	0	0	40.56	0
1	1	1	0	1	1	83.97	0
1	1	1	1	1	1	53.86	0
1	1	1	0	0	1	57.15	1
1	1	1	0	0	1	51.05	1
0	1	1	1	1	0	58.67	0
1	1	1	1	1	1	64.48	1
1	1	0	1	1	1	65.41	1
0	1	1	0	1	0	62.53	1
0	1	1	0	1	1	73.95	0
1	1	1	1	1	.	.	0
1	0	0	0	0	0	40.73	1
1	1	1	1	1	0	64.47	1
1	1	1	1	1	1	62.6	0
1	1	1	1	1	1	75.36	0
0	0	1	0	1	1	56.1	0
1	1	1	1	1	0	57.2	1
0	1	1	0	0	1	53.31	0
1	1	1	1	1	1	59.3	1
0	1	1	.	1	0	38.48	0
1	0	1	0	1	0	62.92	0
1	1	1	0	0	1	78	0
1	1	1	0	1	.	.	0
1	0	0	1	1	0	59.83	1
1	1	1	1	1	1	81	1
0	0	0	0	0	1	55.83	0
1	1	1	1	1	1	63.56	0
1	1	0	0	0	1	66.39	0
0	1	0	0	1	0	50.62	0
0	0	0	0	1	1	51.37	0
1	1	1	1	1	1	67.25	0
1	1	1	1	1	0	67.18	1
1	1	1	1	1	0	63.76	1
0	0	0	1	0	1	62.16	1
1	1	1	.	1	1	74.93	0
1	0	0	1	1	1	62.57	1
0	1	1	0	1	1	58.34	1
1	1	1	0	1	1	62.48	0
0	1	1	0	0	0	35.52	1
1	1	1	1	1	0	70.03	1
0	1	1	1	1	0	54.38	0
0	0	0	0	0	1	38.89	1
0	0	0	1	0	1	58.83	1
1	1	1	1	0	0	84.72	0
0	0	0	0	1	0	39.5	1
0	0	0	0	0	0	49.72	1
0	0	1	0	0	0	.	1
1	0	0	0	0	1	57.45	0
.	.	.	.	.	1	62.76	1
.	.	.	.	.	1	70.85	1
.	.	.	.	.	0	72.21	0
1	1	1	1	1	1	69.74	1
.	.	.	.	.	1	48.07	1
1	1	1	0	0	1	50.35	0
.	.	.	.	.	0	.	0
1	1	1	0	0	0	35.19	0
1	0	1	0	0	1	35.4	1
.	.	.	.	.	1	52.29	1
.	.	.	.	.	.	.	0
.	.	.	.	.	0	67.17	1
.	.	.	.	.	.	.	1
1	1	1	1	1	1	38.82	1
1	1	1	1	.	1	61.72	1
.	.	.	.	.	.	.	1
1	1	0	1	1	.	.	1
.	.	.	.	.	0	47.68	0
1	1	1	0	0	.	56.77	0
.	.	.	.	.	.	44.56	0
1	1	1	0	0	.	.	0
1	1	1	1	1	1	66.98	0
1	1	1	1	1	1	66.86	1
0	0	0	0	0	0	37.01	0
.	.	.	.	.	1	50.42	0
.	.	.	.	.	0	62.83	1
.	.	.	.	.	1	65.38	1
.	.	.	.	.	1	41.5	1
.	.	.	.	.	0	60.58	1
1	1	1	1	1	1	59.4	1
1	1	1	1	1	0	57.19	0
.	.	.	.	.	.	.	1
.	.	.	.	.	1	53.98	1
1	1	1	1	1	1	42.28	0
1	1	1	1	1	1	76.27	1
.	.	.	.	.	.	.	0
.	.	.	.	.	1	63.32	0
.	.	.	.	.	1	40.89	0
.	.	.	.	.	1	72.11	0
.	.	.	.	.	1	83.85	0
1	1	1	.	0	0	61.12	0
0	1	1	0	0	0	41.93	1
.	.	.	.	.	1	71.09	0
.	.	.	.	.	0	64.34	0
.	.	.	.	.	1	69.66	0
.	.	.	.	.	1	.	1
0	0	0	0	0	1	.	1
.	.	.	.	.	0	50.63	0
1	1	1	1	1	1	69.88	1
1	1	1	1	1	0	.	1
1	1	1	0	0	1	52.32	1
0	0	0	0	1	0	62.56	1
1	1	1	1	1	1	72.3	1
0	1	1	.	1	1	51.21	0
0	1	0	1	0	0	40.8	0
0	1	1	1	1	0	57.97	1
1	1	1	1	1	1	85.9	0
1	1	1	0	1	1	62.47	1
1	1	1	1	0	0	64.17	0
0	0	0	0	1	1	58.21	0
0	0	0	1	0	.	.	1
1	1	1	1	1	0	70.31	0
0	0	0	0	0	0	52.61	0
1	0	1	1	1	1	60.06	1
0	0	0	0	0	.	.	0
1	1	1	1	1	0	85.13	1
1	1	1	1	1	0	62.55	0
0	1	1	0	0	1	80.39	0
1	1	1	1	1	1	78.67	0
1	1	1	0	1	1	81.47	1
0	0	0	0	0	1	57.09	0
1	1	1	1	1	1	65.02	0
1	1	1	0	1	1	73.4	1
0	0	1	1	1	1	55.63	0
0	0	0	0	0	1	67.51	1
1	1	1	1	1	0	83.32	0
1	1	0	0	1	0	67.46	0
0	0	0	0	0	1	65.74	0
.	.	.	.	.	1	55.5	1
1	1	1	1	1	1	57.44	1
1	0	1	1	1	1	74.31	0
1	1	0	1	1	1	68.11	1
0	0	0	0	0	0	56.67	1
1	1	0	0	1	1	76.06	1
0	0	0	0	0	0	38.41	0
0	0	0	0	0	1	56.23	1
1	1	1	0	0	1	69.19	0
1	1	1	1	1	1	54.6	1
1	1	1	0	0	1	65.61	0
0	0	0	0	1	1	75.44	1
0	1	0	1	1	1	82.48	0
1	1	1	0	1	1	62.61	0
0	0	0	0	0	0	77.64	1
.	.	.	.	.	1	73.65	0
0	0	0	0	1	1	74.33	0
0	0	1	0	0	0	64.53	1
0	1	0	0	0	0	36.4	0
1	1	0	0	1	1	65.67	1
0	0	0	1	0	1	61.14	0
1	1	1	1	1	1	66	0
1	1	1	0	1	0	76.87	1
1	1	1	0	1	1	70.78	1
0	0	0	1	1	1	58.55	1
0	0	0	0	0	0	47.15	0
0	0	1	1	1	0	60.4	1
0	0	1	0	1	0	75.08	0
.	.	.	.	.	1	65.25	0
0	0	0	0	0	1	42.16	0
1	1	1	0	0	1	55.59	1
0	0	0	0	0	0	68.34	1
1	1	0	1	1	1	71.64	1
1	0	1	0	0	0	70.01	1
1	1	1	1	1	1	68.52	1
1	0	1	0	1	0	64.22	0
1	1	1	1	1	0	66.54	0
1	1	1	1	1	1	56.25	0
0	0	0	0	1	0	64.42	0
1	1	1	0	1	1	49.39	1
1	0	1	1	0	1	54.52	1
1	0	1	0	0	1	71.28	0
.	.	.	.	.	1	51.35	0
1	1	1	1	1	0	41.69	0
0	1	1	0	0	0	.	1
1	1	1	0	0	.	43.65	0
1	1	1	1	0	1	53.47	1
.	.	.	.	.	.	.	0
1	1	1	0	1	0	48.72	1
1	1	1	1	1	1	75.3	0
.	.	.	.	.	.	.	0
1	0	1	0	0	1	50.56	0
1	1	1	0	0	1	35.37	1
1	1	1	0	1	0	63.48	0
1	1	1	1	1	0	66	0
1	1	0	0	0	1	37.91	1
1	0	0	1	1	0	68.64	0
1	1	1	1	0	0	55.78	1
1	1	1	1	1	.	.	1
1	1	1	1	1	0	43.11	0
0	0	0	1	0	1	30.5	0
0	0	1	0	0	1	37.21	0
0	1	0	0	0	1	63.93	0
0	1	1	1	1	.	.	0
1	1	1	1	1	0	63.5	1
1	1	0	1	0	1	.	0
1	1	1	1	1	1	65.85	0
1	1	1	1	0	1	44.25	0
1	0	1	0	0	0	37.75	0
0	0	0	0	0	0	64.73	1
1	1	1	1	1	0	52.22	0
0	0	0	0	0	0	34.04	0
1	1	1	1	0	0	44.87	0
1	1	1	1	1	1	60.45	0
1	1	1	1	1	1	51.37	1
0	0	0	1	1	0	50.84	0
1	1	1	1	1	1	70.62	1
1	0	0	1	0	0	45.33	1
0	1	0	1	1	1	62.99	0
.	.	.	.	.	.	.	0
0	0	0	0	0	0	44.62	1
1	1	0	.	1	0	66.55	0
1	1	1	0	0	1	65.46	0
1	1	1	1	1	1	67.32	0
1	0	1	0	1	1	65.7	0
0	0	1	1	1	0	52.18	0
1	1	1	0	0	1	45.46	0
1	1	1	0	1	0	37.34	1
1	1	1	0	.	1	36.47	0
1	1	1	1	1	.	57.41	1
1	1	1	1	1	1	51.06	1
1	1	1	1	1	1	56.9	1
0	0	1	0	0	1	50.99	0
0	0	0	0	0	1	49.14	1
1	1	0	0	0	1	.	0
.	.	.	.	.	.	.	0
0	1	1	0	1	0	48.19	0
1	0	1	0	0	.	.	0
1	1	1	1	1	.	.	0
1	1	1	1	0	0	66.58	0
1	1	1	0	0	0	30.88	0
1	1	1	1	1	0	72.88	1
.	.	.	.	.	1	40.93	0
.	.	.	.	.	0	70.54	0
.	.	.	.	.	1	75.66	1
.	.	.	.	.	1	50.59	1
.	.	.	.	.	.	.	0
.	.	.	.	.	.	.	0
.	.	.	.	.	1	55.29	1
.	.	.	.	.	1	77.83	1
.	.	.	.	.	1	39.31	0
.	.	.	.	.	1	77.31	1
.	.	.	.	.	.	54.44	1
.	.	.	.	.	1	61.28	1
.	.	.	.	.	1	82.53	1
.	.	.	.	.	1	66.23	0
.	.	.	.	.	0	93.82	1
.	.	.	.	.	1	.	0
.	.	.	.	.	.	.	0
.	.	.	.	.	.	.	0
.	.	.	.	.	0	.	0
.	.	.	.	.	.	.	1
.	.	.	.	.	1	84.7	1
.	.	.	.	.	1	75.18	1
.	.	.	.	.	.	.	0
.	.	.	.	.	0	64.32	1
.	.	.	.	.	1	.	0
.	.	.	.	.	1	48.73	1
.	.	.	.	.	1	70.11	0
.	.	.	.	.	.	.	0
.	.	.	.	.	1	58.43	1
.	.	.	.	.	1	83.51	0
.	.	.	.	.	.	.	0
.	.	.	.	.	1	60.52	0
.	.	.	.	.	.	.	1
.	.	.	.	.	0	70.84	0
.	.	.	.	.	1	74.83	0
.	.	.	.	.	.	.	0
.	.	.	.	.	0	.	1
.	.	.	.	.	1	.	0
.	.	.	.	.	.	.	1
.	.	.	.	.	0	69.19	1
.	.	.	.	.	.	.	1
.	.	.	.	.	1	57.51	1
.	.	.	.	.	.	.	0
.	.	.	.	.	1	82.57	0
.	.	.	.	.	1	72.5	1
.	.	.	.	.	.	.	1
.	.	.	.	.	0	73.26	0
.	.	.	.	.	0	50	1
.	.	.	.	.	1	64.86	1
.	.	.	.	.	1	60.47	1
.	.	.	.	.	.	.	1
.	.	.	.	.	0	50.52	0
.	.	.	.	.	1	55.1	0
.	.	.	.	.	.	.	1
.	.	.	.	.	1	68.44	0
.	.	.	.	.	.	.	0
.	.	.	.	.	1	71.1	0
.	.	.	.	.	1	80.39	0
.	.	.	.	.	1	40.2	1
.	.	.	.	.	0	.	0
1	1	1	.	0	.	.	1
0	1	1	1	1	1	54.35	1
0	0	0	0	1	1	78.41	1
0	0	1	1	1	0	58.15	1
0	0	0	0	0	.	50.81	0
1	1	1	1	1	1	68.6	0
1	1	1	1	1	1	70.01	1
1	0	1	1	1	.	.	0
1	1	1	1	1	1	80.56	0
1	0	1	0	0	.	36.64	1
0	0	0	0	0	.	.	1
0	1	1	1	1	1	55.71	1
.	.	.	.	.	1	68.37	1
1	1	1	1	1	1	73.05	1
0	1	0	1	1	1	53.41	0
1	0	0	1	1	.	.	0
1	1	1	1	1	1	46.01	0
1	1	1	1	1	1	59.43	0
0	0	0	1	1	.	34.82	1
1	1	1	1	1	1	64.81	0
1	1	1	1	1	1	67.07	1
0	0	0	0	0	.	53.39	1
0	1	1	0	0	1	75.62	1
.	.	.	.	.	.	.	0
1	1	1	1	1	1	57.23	0
1	1	1	1	1	1	61.1	0
1	1	1	1	1	1	67.47	1
0	0	0	0	0	.	.	1
1	1	1	0	1	0	53.68	0
1	1	1	1	1	1	50.59	0
1	1	1	1	1	1	74.82	1
1	1	1	1	1	1	71.43	1
1	1	1	0	1	.	53.33	0
1	1	0	0	0	.	.	1
0	0	0	1	1	1	58.76	1
1	1	1	0	0	0	40.09	0
.	.	.	.	.	.	.	0
0	0	1	1	1	1	70.47	1
1	0	0	0	1	.	.	1
0	1	1	1	1	.	.	0
1	1	1	1	1	1	56.67	0
0	0	0	0	0	.	69.39	1
0	0	0	1	1	0	53.9	1
0	0	0	0	0	0	41.63	0
0	0	0	0	1	1	58.52	1
0	0	0	0	0	.	.	0
1	1	1	1	1	1	84.89	1
1	0	0	0	0	.	35.56	1
1	1	0	.	1	.	.	1
1	1	1	1	1	1	65.18	1
1	1	0	1	1	1	51.1	0
1	1	1	1	1	1	88.41	0
0	1	1	1	1	1	62.27	1
1	1	1	1	1	1	74.42	0
1	0	1	1	1	0	63.61	1
.	.	.	.	.	1	66.65	0
1	1	1	1	1	1	72.69	0
0	0	1	0	0	.	.	0
.	.	.	.	.	.	.	1
1	1	1	1	1	1	66.76	0
1	1	1	1	1	1	61.93	0
0	0	1	0	1	0	61.94	1
1	1	1	0	.	1	64.86	1
1	1	1	0	0	1	51.89	1
1	1	1	1	1	1	67.54	0
.	.	.	.	.	.	.	1
1	1	1	1	1	1	63.91	1
1	0	0	0	1	0	58.58	1
1	1	1	0	0	1	62.45	0
1	1	1	0	1	.	.	1
1	1	0	0	0	0	66.53	0
.	.	.	.	.	.	.	1
0	0	1	0	1	0	64.53	1
0	1	1	0	1	1	64.11	1
1	0	1	1	1	.	.	0
0	0	0	0	0	1	48.28	1
1	1	1	1	1	.	72.8	0
1	1	1	1	1	1	73.53	0
1	1	0	0	1	1	75.36	1
0	1	1	1	1	0	72.62	0
.	.	.	.	.	1	75.87	0
.	.	.	.	.	.	.	0
1	1	1	0	0	.	.	0
0	1	0	1	1	1	78.41	1
1	1	1	1	1	1	67.25	1
1	1	1	1	1	1	60.76	1
0	0	1	1	1	0	64.22	0
0	1	1	0	0	1	63.68	0
0	0	0	0	0	1	63.09	0
1	1	1	1	1	.	.	0
1	1	1	1	0	1	.	0
0	1	0	1	1	.	.	1
1	1	1	0	0	1	57.59	0
1	1	1	1	1	.	84.15	0
1	1	1	1	1	1	73.89	1
0	0	1	0	0	0	47.52	0
1	1	1	0	0	1	64.7	0
.	.	.	.	.	.	.	0
1	1	1	1	1	0	66.7	1
1	1	0	1	1	0	82.47	0
1	1	1	1	1	1	84.68	1
0	1	1	0	0	1	79.98	0
.	.	.	.	.	.	67.09	0
0	0	0	1	1	.	.	0
1	0	1	1	1	.	43.27	1
0	1	1	1	1	.	.	0
1	1	1	1	1	.	.	1
1	1	1	0	1	1	91.59	0
0	0	1	1	1	0	59.5	1
0	0	0	1	1	1	60.77	0
1	1	1	0	1	1	75.77	0
1	1	1	0	1	1	69.89	0
1	1	0	1	1	0	56.87	1
0	1	0	0	0	0	78.02	0
1	1	1	1	1	1	75.54	1
0	1	1	0	1	1	74.38	0
1	1	1	1	1	1	49.06	0
.	.	.	.	.	.	.	1
1	1	1	0	0	.	.	0
1	1	1	1	0	1	79.32	0
0	1	1	.	0	1	67	0
1	0	1	1	1	.	.	1
0	1	1	1	1	0	.	1
1	1	1	0	1	1	60.37	0
1	1	0	.	.	1	44.99	0
1	0	1	0	0	1	39.14	0
1	1	1	1	1	1	84.27	0
1	1	1	1	1	1	65.51	1
1	1	1	1	1	.	62.88	0
1	1	1	1	1	1	63.13	0
0	1	1	1	1	0	66.82	1
1	1	1	0	0	1	74.34	1
0	1	1	1	1	.	53.29	0
1	1	1	1	1	0	61.25	1
.	.	.	.	.	1	64.78	0
1	1	1	1	1	1	81.71	1
.	.	.	.	.	.	.	1
1	1	1	0	1	.	78.29	0
1	1	1	0	1	1	81.45	0
1	0	1	1	0	1	48.2	1
.	.	.	.	.	1	55.02	0
0	0	0	0	0	0	66.1	1
1	1	1	1	1	.	.	0
1	1	0	0	0	0	59.16	1
0	1	1	1	1	1	55.02	0
1	1	0	0	0	1	79.09	1
0	0	0	0	0	1	51.65	0
1	0	1	1	1	1	54.66	1
1	1	1	1	0	.	75.23	0
1	1	1	1	1	1	68.97	0
0	0	0	0	0	.	.	0
1	1	1	0	1	1	76.36	0
1	0	0	0	0	.	.	1
1	1	1	1	1	1	53.45	1
1	1	1	0	1	1	.	0
1	1	1	1	1	1	80.18	1
.	.	.	.	.	.	.	1
.	.	.	.	.	1	.	1
1	1	1	1	0	1	70.15	0
.	.	.	.	.	.	.	0
1	1	1	1	1	1	53.37	0
1	1	1	0	0	0	56.31	0
1	1	1	1	1	0	.	1
1	0	1	1	1	1	54.18	0
1	1	1	1	1	1	60.52	0
.	.	.	.	.	.	.	0
.	.	.	.	.	.	.	1
0	0	1	1	1	0	.	0
1	0	1	1	1	1	66.61	1
.	.	.	.	.	.	.	1
1	1	1	1	1	0	53.49	1
0	1	1	1	1	1	80.16	0
0	1	0	0	1	.	.	1
.	1	1	1	1	1	57.44	1
1	1	1	1	1	0	85.31	1
.	.	.	.	.	.	.	1
1	1	1	1	1	1	67.16	0
.	.	.	.	.	1	32.06	1
1	1	1	1	1	1	40.45	0
1	1	1	1	1	1	56.42	1
1	1	1	1	1	1	36.84	0
1	1	1	0	1	1	52.82	1
1	1	1	1	0	1	44.37	1
1	1	1	0	0	0	65.91	1
1	1	1	1	1	1	64.97	0
1	1	1	1	1	.	52.25	1
.	.	.	.	.	.	.	1
.	.	.	.	.	.	.	1
.	.	.	.	.	.	.	1
.	.	.	.	.	.	.	0
.	.	.	.	.	.	.	0
.	.	.	.	.	.	.	0
.	.	.	.	.	.	.	1
.	.	.	.	.	.	.	1
.	.	.	.	.	.	.	0
.	.	.	.	.	.	.	1
.	.	.	.	.	.	.	0
.	.	.	.	.	.	.	1
.	.	.	.	.	.	.	0
.	.	.	.	.	.	.	0
.	.	.	.	.	.	.	0
.	.	.	.	.	.	.	0
.	.	.	.	.	.	.	1
.	.	.	.	.	.	.	0
.	.	.	.	.	.	.	1
.	.	.	.	.	.	.	0
.	.	.	.	.	.	.	0
.	.	.	.	.	.	.	1
.	.	.	.	.	.	.	0
.	.	.	.	.	.	.	0
.	.	.	.	.	.	.	1
.	.	.	.	.	.	.	1
.	.	.	.	.	.	.	0
.	.	.	.	.	.	.	1
.	.	.	.	.	.	.	0
.	.	.	.	.	.	.	0
.	.	.	.	.	.	.	0
.	.	.	.	.	.	.	1
.	.	.	.	.	.	.	1
.	.	.	.	.	.	.	1
.	.	.	.	.	.	.	1
.	.	.	.	.	.	.	1
.	.	.	.	.	.	.	1
.	.	.	.	.	.	.	1
.	.	.	.	.	.	.	0
.	.	.	.	.	.	.	0
.	.	.	.	.	.	.	1
.	.	.	.	.	.	.	0
.	.	.	.	.	.	.	0
.	.	.	.	.	.	.	0
.	.	.	.	.	.	.	1
.	.	.	.	.	.	.	0
.	.	.	.	.	.	.	0
.	.	.	.	.	.	.	0
.	.	.	.	.	.	.	1
.	.	.	.	.	.	.	0
.	.	.	.	.	.	.	1
.	.	.	.	.	.	.	0
.	.	.	.	.	.	.	1
.	.	.	.	.	.	.	1
.	.	.	.	.	.	.	1
.	.	.	.	.	.	.	1
.	.	.	.	.	.	.	0
.	.	.	.	.	.	.	1
.	.	.	.	.	.	.	0
.	.	.	.	.	.	.	0
1	0	1	0	.	1	.	0
0	1	1	1	1	0	.	0
1	1	1	0	1	1	54.84	0
.	.	.	.	.	1	43.12	0
0	1	1	0	0	0	.	0
1	1	1	0	1	1	83.69	0
1	1	1	1	1	1	66.94	0
0	1	1	1	1	1	78.59	0
0	0	0	0	1	0	.	0
0	0	1	0	0	0	34.06	0
.	.	.	.	.	0	36.51	0
1	1	1	0	0	0	41.06	0
1	1	1	0	1	1	74.24	0
1	0	1	0	0	1	.	0
1	1	1	1	1	1	81.28	0
1	1	1	1	1	1	72.89	0
1	1	1	1	1	1	54.82	0
0	1	0	1	1	0	.	1
1	1	1	1	1	1	82.83	0
1	1	1	1	1	0	94.19	0
1	1	1	0	1	0	89.5	0
0	0	0	0	0	1	.	0
1	1	1	1	1	1	57.64	0
1	1	0	0	1	1	.	0
0	1	0	0	1	0	35.61	0
1	1	1	1	1	.	64.04	0
0	1	1	0	1	1	87.14	0
1	1	1	0	0	1	66.91	0
0	1	1	0	1	1	45.33	0
1	1	1	0	1	1	66.12	0
1	1	1	0	0	1	76.61	0
1	1	1	1	1	1	77.95	0
1	0	1	1	1	1	78.31	1
0	0	1	1	1	1	64.88	1
0	0	0	0	0	0	74.06	1
1	1	1	1	1	0	72.67	1
0	0	1	1	1	.	.	1
0	1	1	1	1	1	60.47	1
1	0	0	0	0	1	59.47	1
.	.	.	.	.	.	.	1
1	1	1	1	1	1	63.52	1
1	0	0	1	1	1	79.22	1
1	0	1	0	0	1	73.57	1
1	1	1	1	1	0	71.13	1
1	1	1	1	1	0	.	1
1	1	1	1	1	1	75.62	1
.	.	.	.	.	.	.	1
.	.	.	.	.	.	.	1
1	1	1	0	1	0	78.83	1
1	1	1	1	1	1	48.19	1
1	0	1	0	1	0	48.25	1
1	1	1	0	0	1	59.31	1
1	1	.	1	1	0	.	1
1	1	1	1	1	1	77	1
0	1	1	1	1	0	72.04	0
0	0	0	0	1	1	.	0
0	1	1	0	1	1	82.85	0
1	1	1	0	1	1	73.4	0
.	.	.	.	.	.	.	0
0	0	0	0	0	0	36.46	0
0	1	.	0	0	.	.	0
0	0	0	1	1	1	50.61	1
0	0	0	0	0	.	.	0
1	1	1	1	1	1	.	0
0	0	1	0	0	1	60.35	0
0	1	1	1	0	0	.	1
1	1	1	0	0	1	.	0
0	0	1	1	1	0	.	1
0	1	1	0	1	1	57.14	1
0	0	0	0	0	0	41.67	0
1	1	1	0	1	.	70.96	0
1	1	1	1	0	0	.	0
.	.	.	.	.	.	.	0
1	1	1	1	1	1	37.73	0
.	.	.	.	.	.	.	0
.	.	.	.	.	1	58.45	0
0	1	1	1	1	.	.	0
.	.	.	.	.	.	.	0
0	0	0	0	0	0	.	1
1	1	1	1	1	1	62.42	1
1	1	0	0	1	0	.	0
.	.	.	.	.	.	.	1
1	1	0	0	1	1	.	0
1	1	1	1	1	0	.	0
1	0	1	0	1	.	.	1
1	1	1	1	1	0	.	0
1	1	1	1	1	.	.	1
1	1	1	1	1	1	58.54	1
1	1	1	1	1	1	.	0
1	1	0	1	1	1	.	1
1	1	1	1	1	1	60.39	0
.	.	.	.	.	.	.	0
1	1	1	1	1	1	71.71	0
1	1	1	1	1	1	76.81	1
.	.	.	.	.	.	.	0
1	1	1	0	1	.	.	1
0	1	1	1	1	0	49.98	1
0	0	0	1	0	.	.	1
0	0	0	0	0	1	.	1
1	1	1	1	1	1	65.2	1
0	0	0	0	0	.	.	1
1	1	1	0	0	.	.	0
1	1	1	1	1	.	.	1
0	0	1	0	0	.	.	0
1	1	1	1	0	.	72.25	1
1	1	1	1	1	1	.	1
.	.	.	.	.	.	.	0
1	0	0	0	0	.	54.49	0
0	0	1	0	1	.	.	1
1	1	1	1	1	1	46.91	1
1	1	1	1	1	1	80.7	1
0	0	0	1	1	0	38.85	0
1	1	0	0	0	0	47.46	1
0	1	1	1	1	1	72.11	1
1	1	1	1	1	1	38.88	0
1	1	1	1	0	1	70.26	1
.	.	.	.	.	0	45.3	1
1	1	1	1	1	.	.	1
1	1	1	1	1	1	62.95	1
1	1	1	1	1	1	61.04	0
1	1	1	0	0	1	76.52	0
0	0	1	1	1	1	.	0
1	1	1	1	1	0	58.54	1
1	1	1	1	1	1	69.51	0
1	1	1	1	1	1	72.97	0
1	1	1	1	1	1	67.41	0
.	.	.	.	.	.	.	1
1	1	1	1	1	1	72.98	0
1	1	1	1	1	.	.	0
1	1	1	1	1	1	62.04	0
0	0	1	1	1	1	.	0
0	1	1	1	1	0	68.18	1
1	1	1	0	1	1	67.25	0
0	1	1	0	1	1	55.73	1
1	1	1	1	1	1	41.16	0
1	1	1	1	1	1	68.72	1
1	1	1	1	1	0	59.84	0
1	1	1	1	1	0	61.98	0
.	.	.	.	.	1	57.17	1
1	1	1	.	0	1	70.74	1
0	0	0	0	1	0	38.08	0
1	1	1	1	1	.	60.08	0
0	0	0	0	0	1	53.11	1
1	1	1	1	1	1	65.14	0
0	0	1	1	0	1	39.55	0
0	0	1	1	1	0	58.14	1
0	0	1	0	0	.	.	0
1	1	1	0	1	1	51.83	1
.	.	.	.	.	.	.	0
1	1	1	1	1	1	75.19	0
0	1	1	1	1	1	59.52	1
1	1	1	1	0	1	77.74	0
0	0	1	1	1	1	41.93	1
0	0	1	1	1	1	57.72	1
1	.	0	0	0	0	.	0
1	1	1	1	1	1	67.25	1
0	0	0	0	1	1	50.13	0
0	1	0	0	0	0	51.44	1
0	0	0	1	1	1	42.04	0
1	1	1	1	1	1	74	1
.	.	.	.	.	.	.	1
1	1	0	1	0	1	69.34	1
0	0	0	0	0	1	57.5	0
.	.	.	.	.	.	.	0
0	1	0	1	1	1	69.92	0
1	1	1	1	0	1	62.57	0
0	0	0	0	0	1	51.97	1
0	0	0	1	1	1	54.11	1
1	1	1	1	1	1	73.98	1
1	1	1	1	1	1	74.98	0
1	1	1	1	1	1	.	0
0	0	0	0	1	1	65.08	1
1	1	1	1	1	1	37.03	0
1	1	0	1	0	0	41.01	0
1	1	1	0	0	0	.	0
1	1	1	0	1	.	70.25	1
1	1	0	0	0	1	62.17	1
1	1	1	1	1	1	59.41	0
1	1	0	0	0	1	67.31	1
0	0	1	0	1	0	54.31	1
1	1	0	0	0	.	.	0
0	0	0	0	0	1	71.01	0
0	0	1	0	0	1	68.08	1
1	0	0	1	0	1	70.61	1
1	1	1	0	1	.	.	0
1	1	1	0	0	.	.	1
1	1	1	0	1	1	65.1	1
0	1	1	0	1	.	49.79	1
.	.	.	.	.	.	.	1
.	1	1	1	0	.	80.33	0
0	0	0	0	0	1	81.76	0
1	1	1	0	1	1	.	1
1	1	0	1	1	1	72.01	0
1	1	1	1	1	1	78.66	1
0	1	0	1	1	0	70.07	1
1	.	1	0	1	.	.	1
0	1	1	1	1	1	70.85	1
0	0	0	0	0	.	.	0
0	0	0	0	0	1	62.21	0
1	1	1	1	1	0	60.87	1
1	0	1	1	1	1	60.4	1
1	1	1	0	1	1	74.66	1
.	.	.	.	.	.	.	1
1	0	1	0	1	0	68.85	1
1	1	1	0	0	1	75.12	0
1	0	0	1	0	.	.	0
0	1	1	1	1	0	57.61	1
0	0	1	1	1	1	57.11	1
0	1	1	0	1	1	.	0
0	0	1	0	1	1	45.94	0
1	1	1	0	1	0	63.97	0
0	0	0	0	0	.	51.52	0
.	.	.	.	.	0	42.73	0
1	1	1	1	0	1	67.74	0
1	1	1	1	1	0	.	0
1	1	1	0	0	.	.	0
1	0	1	0	1	0	54.26	1
0	1	1	1	1	1	52.83	1
1	1	1	1	1	1	58	1
1	1	1	0	1	1	75.37	0
1	1	1	0	1	.	.	0
1	1	1	0	0	1	68.53	1
1	1	1	1	1	1	60.75	0
1	1	1	1	1	1	73.08	1
1	1	1	1	1	.	.	0
1	0	1	0	0	.	.	1
0	0	.	0	0	0	57.58	1
1	1	1	1	1	0	49.92	0
0	1	1	.	1	1	36	0
1	1	1	0	1	1	62.53	0
0	1	1	1	1	1	60.78	1
0	0	0	0	1	1	55.62	1
0	1	1	0	1	1	70.79	0
0	1	0	1	0	1	68.27	1
0	0	0	1	1	0	71.83	0
1	1	1	0	0	0	36.96	0
1	1	1	1	1	1	57.94	1
.	.	.	.	.	1	75.87	1
1	1	1	0	0	1	49.52	0
1	0	1	0	1	1	.	1
1	1	1	1	1	1	55.31	0
1	1	1	1	1	1	73.7	1
0	0	0	0	1	0	53.51	1
1	1	1	1	1	1	.	1
0	1	1	1	1	.	36.95	1
0	0	0	1	1	0	56.18	1
0	0	0	1	1	1	35.96	0
1	0	1	0	1	1	57.04	1
1	1	1	1	1	1	50.11	0
1	1	1	0	0	1	44.69	0
1	1	1	1	1	1	56.24	1
1	1	0	1	0	1	32.38	0
0	1	0	1	1	1	51.1	1
0	0	0	0	1	1	42.33	0
1	1	1	0	0	1	.	0
1	1	1	1	1	1	59.3	1
1	1	1	1	1	1	57.1	0
0	0	1	0	0	.	.	1
0	0	0	1	1	1	54.98	1
1	0	1	0	1	1	52.24	1
1	1	1	0	0	0	79.03	1
0	0	1	0	1	1	.	0
1	1	0	1	1	1	64.97	1
1	1	1	1	1	.	64.65	0
1	1	1	1	1	1	67.99	0
1	1	1	1	1	1	52.73	1
1	1	1	1	1	.	49.93	1
1	1	1	1	0	1	65.23	0
0	1	0	0	0	0	50.39	1
0	0	0	1	1	.	.	0
1	1	1	1	1	1	.	0
1	1	1	1	1	1	76.75	0
1	1	1	1	1	1	63.87	1
1	1	1	0	1	0	64.62	0
1	1	1	1	1	0	62.94	1
.	.	.	.	.	.	.	1
1	1	1	1	1	0	53.25	0
0	0	1	0	0	0	68	1
0	1	1	1	1	1	88.8	1
1	1	1	0	1	0	52.16	0
1	1	0	0	0	1	42.43	0
0	1	1	0	0	.	40.34	0
1	1	1	1	1	1	.	1
0	0	1	0	0	1	.	1
1	1	1	0	1	1	45.32	0
1	1	1	1	1	1	.	1
1	1	1	1	1	1	77.87	1
1	0	.	1	0	0	.	0
0	0	0	0	1	1	53.59	1
0	0	0	0	0	1	38.48	0
1	1	1	1	1	0	82.17	0
1	1	1	1	1	1	57.28	1
0	1	1	1	1	0	64.67	0
1	1	1	1	1	1	68.63	1
1	1	1	0	0	0	54.38	0
1	0	1	0	1	.	.	1
1	0	1	1	1	.	.	1
0	0	0	0	1	.	.	1
0	0	0	0	0	.	.	0
1	1	1	1	1	.	.	1
1	1	1	1	1	.	.	0
1	0	0	0	1	.	.	0
1	0	1	1	0	.	.	1
1	0	1	1	1	.	.	0
1	1	0	0	0	.	.	0
1	1	1	1	1	.	.	0
0	1	1	1	1	.	.	0
0	1	1	0	0	.	.	0
.	.	.	.	.	.	.	0
0	1	1	1	1	.	.	0
0	1	1	1	0	.	.	1
1	1	1	1	1	.	.	1
1	0	1	1	1	0	40.89	0
1	1	1	0	.	.	.	1
1	1	1	0	1	.	.	1
1	1	0	1	1	1	80.49	1
0	0	1	0	1	.	.	0
0	0	1	1	1	1	42.9	1
1	1	1	1	1	.	.	0
0	0	1	0	1	.	.	1
1	1	1	1	1	.	.	0
1	0	1	1	1	1	69.19	1
0	1	.	0	0	.	.	0
1	1	1	1	0	.	.	0
0	0	1	0	0	.	.	0
0	0	1	1	1	1	53.98	1
1	1	1	1	1	.	.	1
0	0	1	1	1	.	.	0
0	0	1	0	0	.	.	1
0	1	1	0	0	.	.	1
1	0	1	0	0	.	.	0
1	0	1	0	0	.	.	1
1	1	1	1	1	.	.	0
1	1	0	1	1	.	.	1
1	0	1	1	1	.	.	0
1	1	1	1	1	.	.	0
0	0	0	0	1	.	.	1
1	0	.	1	1	.	.	1
1	1	0	1	0	.	.	1
1	1	1	1	1	.	.	0
.	.	.	.	.	.	.	1
1	1	1	1	1	.	.	0
1	1	1	1	1	.	.	1
0	0	0	1	1	.	.	1
.	.	.	.	.	.	39.87	1
0	0	0	0	1	.	.	1
1	1	1	1	1	.	.	1
1	1	1	0	0	.	.	0
1	0	0	1	0	.	.	0
1	1	1	1	1	.	.	1
1	1	0	0	1	.	.	0
0	1	0	1	0	.	.	0
1	0	1	0	0	.	.	0
0	0	1	1	1	.	.	1
1	1	1	1	1	.	.	0
.	.	.	.	.	.	.	0
1	0	1	0	0	1	40.43	0
1	1	1	1	1	1	47.79	0
1	1	1	1	1	0	64.59	0
.	.	.	.	.	.	.	1
1	1	1	0	0	1	59.49	1
0	0	0	0	0	0	54.2	0
1	1	1	1	1	1	66.22	0
1	1	1	1	1	1	74.69	0
0	1	1	0	1	1	63.04	1
1	1	1	1	1	1	66.05	0
1	1	1	0	0	0	30.93	0
1	1	1	1	1	1	37.52	0
0	0	0	0	0	0	56.81	0
0	0	0	0	0	1	42.14	1
.	.	.	.	.	0	67.05	1
0	0	1	0	0	1	63.71	1
1	1	1	1	1	1	58.12	1
1	1	1	0	0	0	28.61	0
1	1	1	1	1	.	77.57	0
1	1	1	1	1	0	55.02	1
1	0	1	1	0	1	48.54	1
0	0	1	0	1	1	63.31	1
1	1	1	1	1	1	60.56	0
1	1	1	1	1	0	29.6	1
0	1	1	1	1	0	43.18	0
1	1	1	1	1	1	58.32	0
1	1	1	.	0	1	44.06	0
1	1	1	1	1	1	57.82	0
1	1	1	1	1	1	78.48	1
1	1	1	1	1	1	60.4	0
1	1	1	1	1	1	61.16	0
1	1	1	1	1	1	55.88	1
1	0	1	1	0	1	.	1
0	0	1	1	1	0	44.89	1
.	.	.	.	.	.	.	1
0	0	0	1	.	1	45.88	0
1	1	1	1	1	1	57.51	1
1	1	1	.	0	0	37.64	0
0	0	1	0	0	1	51.72	1
0	0	1	1	1	0	68.98	1
0	0	0	1	0	1	44.54	1
1	0	.	1	1	1	57.86	1
.	.	.	.	.	.	.	1
1	1	1	1	1	1	79.24	0
1	1	1	1	1	1	73.68	0
0	0	0	1	1	0	.	1
0	0	0	0	1	1	71.03	1
1	1	1	1	1	0	74.33	0
1	1	1	1	1	1	60.65	0
0	0	1	0	1	1	42.59	1
0	0	0	0	1	1	42.15	1
0	1	1	0	1	0	62.26	0
0	0	0	1	1	1	41.46	0
1	0	1	1	1	0	57.81	1
.	.	.	.	.	.	.	0
0	1	0	0	0	0	40.01	0
1	1	1	1	1	1	71.27	1
1	1	1	1	1	1	49.44	0
0	0	0	0	0	0	52.68	0
0	0	0	0	.	0	45.71	1
1	1	1	0	0	1	54.47	1
0	0	0	0	1	1	55.02	0
0	0	0	0	0	0	34.19	1
1	0	1	1	1	1	63.71	0
.	.	.	.	.	0	46.05	1
1	0	1	1	1	1	56.83	1
0	1	1	0	1	0	44.52	0
1	1	1	1	1	1	79.58	0
1	1	1	1	0	1	54.83	1
1	1	1	1	1	1	51.34	0
.	.	.	.	.	1	63.35	1
1	1	1	1	1	1	73.14	0
0	0	0	1	1	.	.	0
0	0	0	0	1	1	60.45	1
1	1	1	1	1	1	70.5	1
0	0	0	1	0	0	56.8	0
1	1	1	0	0	1	63.35	0
0	0	0	0	0	1	44.58	1
0	0	1	0	0	1	63.98	1
0	0	0	0	0	1	67.62	1
1	1	1	1	1	0	54.84	1
1	1	0	0	1	0	71	0
0	0	1	1	1	.	50.52	1
.	.	.	.	.	.	.	1
0	0	1	0	0	.	.	0
1	0	1	1	1	0	50.06	1
0	0	0	0	0	1	49.69	0
1	1	1	1	1	.	.	0
1	1	1	0	1	1	55	0
1	1	1	0	0	.	41.87	0
0	0	0	1	1	1	48.87	0
0	1	1	1	1	0	53.84	1
0	0	1	.	1	0	59.36	0
1	1	1	0	1	0	68.99	1
1	1	1	1	1	0	65.41	1
0	0	1	1	1	0	67.84	0
0	1	0	1	0	0	50.76	0
1	1	1	1	1	0	48.86	1
0	0	1	0	0	0	71.99	1
1	1	1	0	1	1	64.05	0
1	0	1	0	1	1	49.14	1
1	1	1	.	0	1	65.01	0
1	1	1	1	1	1	55.37	0
1	1	1	1	1	1	60.91	0
1	1	1	1	1	1	64.61	1
.	.	.	.	.	1	44.4	1
1	0	0	0	0	.	42.16	0
1	1	1	0	1	0	63.32	1
0	0	0	1	1	1	62.31	0
1	1	1	1	1	1	68.79	1
1	1	1	1	1	1	68.15	1
1	1	1	1	1	1	62.36	1
1	1	1	1	1	1	80.48	1
1	0	0	0	0	0	55.99	0
1	1	1	1	1	1	74.01	1
1	1	1	1	1	.	69.78	0
1	1	1	1	1	1	50.84	0
.	.	.	.	.	1	62.63	0
.	.	.	.	.	0	.	0
1	1	1	1	1	1	66.28	0
.	.	.	.	.	1	36.32	0
1	1	1	1	1	0	68.84	0
.	.	.	.	.	1	38.21	0
1	1	1	1	1	1	64.4	0
.	.	.	.	.	0	41.72	0
1	1	1	1	1	.	.	1
.	.	.	.	.	.	41.99	1
1	1	1	1	1	1	62.26	1
.	.	.	.	.	.	.	1
.	.	.	.	.	1	52.26	0
1	1	1	1	1	0	58.07	1
1	1	1	0	1	1	61.64	1
1	0	1	0	0	1	51.71	1
0	0	1	1	1	1	65.81	1
.	.	.	.	.	.	.	0
0	1	1	0	0	0	70.7	0
0	1	1	1	1	1	64.63	0
0	0	0	0	0	1	54.72	0
1	0	0	0	0	1	55.2	0
.	.	.	.	.	1	65.17	0
1	0	1	1	1	1	40.31	1
1	1	1	0	0	0	61.72	0
1	1	1	1	0	1	75.14	0
1	1	1	1	1	1	76.73	1
.	.	.	.	.	0	61.91	0
1	0	1	0	1	1	66.5	1
1	1	1	1	1	1	51.57	0
1	1	1	0	1	0	64.35	1
1	1	1	0	0	0	77.67	0
.	.	.	.	.	1	69.66	0
0	0	0	1	0	1	51.45	0
.	.	.	.	.	0	59.39	1
1	1	1	0	1	1	76.88	1
1	1	1	1	1	1	61.41	0
1	1	1	1	1	0	66.68	1
1	0	1	0	1	0	51.32	1
1	1	0	1	1	1	69.03	1
.	.	.	.	.	.	.	1
1	0	0	0	0	1	60.44	0
1	1	1	0	0	0	68.47	0
0	0	0	0	.	1	73.54	0
1	1	1	1	1	1	69.15	1
.	.	.	.	.	1	65.56	0
1	0	1	0	1	1	63.86	1
1	1	1	0	0	1	37.29	0
1	1	1	1	1	1	71.28	1
1	1	1	1	1	1	41.71	0
1	1	1	1	1	1	58.27	1
1	1	1	1	1	1	37.18	0
1	1	1	1	1	1	44.27	1
1	1	1	1	1	1	53.35	1
1	1	1	1	1	1	59.76	1
.	.	.	.	.	.	.	1
.	.	.	.	.	.	.	1
1	1	1	1	1	1	69.12	0
1	1	1	1	1	1	53.66	1
1	1	1	1	1	1	50.67	0
1	1	1	1	1	.	.	1
1	1	1	1	1	1	52.36	0
1	1	1	1	1	1	54.96	1
0	1	0	1	1	1	68.3	1
1	0	1	0	1	1	56.08	1
1	1	1	1	1	1	59.52	1
1	1	1	1	1	0	75.04	1
1	1	1	0	1	1	42.61	0
1	1	0	0	1	1	60.78	1
1	1	1	0	1	1	70.78	0
0	1	1	1	1	1	42.11	1
1	1	1	1	1	1	59.63	1
1	1	1	1	1	.	.	1
1	1	1	1	1	1	58.1	1
1	1	0	1	0	1	.	0
1	1	1	1	1	0	35.84	0
1	1	1	1	1	1	42.69	0
1	1	1	1	0	0	53.4	1
0	1	1	1	1	1	48.59	1
1	1	1	1	1	1	53.21	0
.	.	.	.	.	.	.	0
1	1	1	0	0	1	45.33	0
0	0	0	1	0	1	69.58	1
1	1	1	1	1	1	54.63	1
1	1	1	1	1	1	58.27	1
1	1	0	0	0	1	40.81	0
1	1	1	1	1	1	78.27	0
1	1	1	1	1	1	51.69	0
1	1	1	1	1	0	38.02	1
1	1	1	0	1	1	63.68	0
1	0	1	1	1	1	44.76	1
1	1	0	1	1	0	36.53	0
1	1	0	0	1	0	28.63	0
0	1	0	0	0	0	29.52	0
.	.	.	.	.	.	.	1
1	1	1	1	1	1	65.01	1
1	1	1	0	0	.	.	0
0	1	1	1	1	0	.	0
.	.	.	.	.	1	72.51	0
1	1	1	1	1	0	.	0
0	0	1	1	1	.	.	0
1	1	0	1	1	0	73.29	1
1	1	1	1	1	0	40.72	1
1	1	1	1	1	1	77.77	0
1	1	1	1	0	.	.	1
1	1	1	1	1	1	62.84	1
1	0	0	0	0	0	48.11	0
1	1	1	0	.	1	.	0
1	1	1	0	0	.	.	1
1	1	1	0	0	1	50.6	0
1	1	1	0	0	0	57.61	0
0	0	0	0	1	0	55.62	1
0	0	0	0	0	1	40.47	1
1	1	1	1	1	1	45.96	1
1	1	1	1	1	1	54.06	0
1	1	1	1	1	1	60.89	0
0	0	0	0	0	1	68.98	0
0	0	1	1	0	1	64.83	1
1	0	0	0	0	0	51.1	1
1	1	1	1	0	1	.	0
1	1	.	1	1	1	59.45	1
1	1	1	1	0	1	60.74	1
0	1	1	1	0	1	.	0
0	0	0	0	0	.	.	1
1	1	1	1	0	1	43.65	0
0	0	0	.	0	1	48.89	1
1	0	1	1	1	.	.	1
0	0	1	0	.	1	43.53	1
1	0	0	1	1	0	51.91	1
1	1	1	1	1	0	46.12	0
1	1	1	0	1	1	55.07	1
0	0	0	0	0	0	52.85	0
1	1	0	0	1	0	44.61	0
1	1	1	1	0	1	44.34	0
1	0	1	1	1	1	59.95	1
1	1	1	1	1	1	56.91	0
0	1	0	0	0	1	58.42	1
.	.	.	.	.	.	.	1
1	1	1	0	1	1	51.54	0
1	0	0	0	0	1	40.86	0
1	1	1	1	0	1	55.54	0
0	0	1	1	1	1	39.26	1
1	1	1	1	1	0	49.86	0
1	0	1	0	0	0	52.55	1
1	0	1	0	1	0	48.68	1
0	0	1	0	0	.	.	1
1	0	0	0	0	.	37.83	0
1	1	1	0	0	0	55.84	0
1	1	1	1	0	0	47.48	0
1	1	1	1	1	1	62.98	0
1	1	1	1	1	.	.	1
0	0	1	0	1	1	52.05	1
1	1	1	0	0	1	60.8	0
0	1	1	0	0	1	52.64	0
0	0	1	0	1	1	44.38	1
0	0	0	0	1	.	.	0
1	1	1	0	0	1	48.2	0
1	1	1	1	0	1	58.51	1
1	1	1	1	1	1	71.55	0
1	1	1	1	1	1	58.19	1
1	0	0	0	1	1	52.27	1
1	0	1	0	0	1	43.99	1
1	0	1	0	0	1	41.03	1
1	1	1	1	1	1	51.2	1
1	1	1	1	0	1	44.55	0
1	0	1	1	1	1	54.01	1
1	1	1	0	0	1	73.42	1
1	0	1	0	1	1	75.81	1
1	1	.	1	1	1	65.22	0
1	0	.	0	0	1	33.66	1
1	1	1	0	0	0	78.28	0
0	0	1	0	1	1	69.79	1
0	0	0	0	0	1	71.77	0
0	1	0	0	1	1	70.28	0
1	1	1	1	1	1	73.37	1
1	1	1	1	1	.	.	0
0	0	1	1	1	1	62.93	0
.	.	.	.	.	1	67.66	1
0	0	0	1	1	0	48.81	1
1	1	1	1	1	1	82.99	1
1	1	1	1	1	1	69.38	0
1	1	1	1	1	0	37.43	0
1	1	1	1	1	1	.	1
1	1	0	0	1	0	78.65	1
1	1	1	0	1	1	75.09	0
1	1	1	0	1	1	79.37	1
.	.	.	.	.	0	60.93	0
0	1	1	1	1	0	73.27	1
1	1	1	1	0	1	75.62	0
1	1	1	1	1	0	.	1
1	0	1	1	1	0	55.66	1
1	1	1	.	1	1	51.07	0
1	1	1	0	1	1	.	0
1	0	1	0	1	0	66.37	0
0	0	1	0	1	0	57.25	1
0	0	0	0	0	1	62.34	0
1	1	1	1	1	1	70.19	0
1	1	1	1	1	1	72.02	0
1	0	1	1	1	1	51.96	1
1	1	1	1	0	0	59.35	0
1	1	1	0	0	0	66.31	0
1	1	1	0	1	1	.	0
1	1	1	0	0	0	52.39	1
0	0	0	0	0	0	55.68	0
.	.	.	.	.	1	42.87	1
.	.	.	.	.	1	.	0
1	1	1	1	1	1	56.46	0
0	0	1	1	1	1	55.03	0
1	1	1	1	1	0	.	0
0	1	0	1	0	1	39.38	1
1	1	1	1	1	1	78.51	0
0	.	0	0	1	0	46.92	1
1	1	1	0	1	1	44.66	1
0	0	0	1	1	.	42.46	0
1	0	1	1	1	0	59.82	0
1	1	0	1	1	1	58.43	1
.	.	.	.	.	1	82.03	0
0	0	0	0	1	1	72.77	1
0	1	1	0	0	1	42.02	0
1	1	1	1	1	1	53.16	0
.	.	.	.	.	1	64.46	0
1	0	1	0	1	1	70.35	1
1	1	1	1	0	1	44.82	0
1	0	1	1	1	0	44.79	0
1	1	1	1	0	1	67.72	1
0	1	1	0	1	1	72.22	0
1	1	1	1	1	.	45.91	0
1	1	1	.	1	1	43.53	1
.	.	.	.	.	.	.	0
1	1	1	0	0	0	.	1
1	0	1	0	0	.	.	0
.	.	.	.	.	.	.	0
0	0	0	0	0	1	45.14	0
1	1	1	1	1	.	36.56	1
.	.	.	.	.	.	.	0
1	1	1	1	1	1	50.56	1
0	1	1	1	1	1	63.22	1
1	1	0	0	0	.	52.59	1
1	1	1	1	1	1	67.65	1
1	0	1	0	0	1	45.5	1
1	1	1	0	1	1	60.17	1
1	1	1	1	.	.	.	0
0	0	1	0	1	1	52.64	1
1	1	1	1	1	.	.	1
1	1	1	1	1	0	33.77	0
1	1	1	0	0	.	49.88	0
.	.	.	.	.	1	61.2	1
1	1	1	0	1	1	51.44	1
.	.	.	.	.	.	.	1
1	0	1	1	1	0	.	0
.	.	.	.	.	.	.	1
1	1	1	1	1	1	49.73	1
1	1	1	0	0	1	41.7	0
1	1	1	1	1	1	.	1
.	.	.	.	.	.	.	0
1	1	1	0	0	.	.	1
.	.	.	.	.	.	.	0
1	0	0	1	1	.	51.32	1
0	0	0	0	1	1	49.6	1
1	1	1	1	1	.	.	1
1	1	1	1	1	1	48.64	0
0	1	0	1	1	0	60.22	0
1	1	0	0	0	0	60.64	1
1	0	0	1	1	.	44.38	1
0	1	1	1	1	.	.	1
1	0	1	0	0	1	39.47	1
1	1	1	1	1	1	32.41	0
1	1	1	0	0	.	45.08	0
1	1	1	1	1	1	52.99	1
0	0	1	0	1	.	.	0
0	0	1	0	1	.	33.54	0
0	1	0	0	1	0	53.16	1
1	1	1	1	1	.	.	0
1	1	1	1	1	1	65.97	0
1	1	1	1	1	1	55.09	1
1	1	1	1	1	.	52.87	0
0	0	0	0	1	1	54.25	1
1	1	1	1	1	.	52.89	1
0	0	0	0	1	0	49.49	1
0	0	0	1	1	.	.	0
1	1	1	1	1	.	59.3	1
1	0	1	1	1	1	60.92	0
1	0	1	0	1	.	.	0
1	1	1	1	0	0	.	0
1	1	1	0	0	1	66.78	1
.	.	.	.	.	.	.	1
1	1	1	0	0	1	48.24	0
1	0	1	0	1	0	36.21	1
0	1	1	1	0	0	55.2	0
1	1	0	1	1	.	.	1
1	1	1	1	1	1	69.73	1
1	1	1	0	0	1	50.43	0
1	1	1	1	1	.	.	1
0	1	0	0	0	1	47.98	0
0	0	0	0	0	0	55.67	1
1	1	1	1	1	1	.	0
1	1	1	1	1	1	55.3	0
1	1	1	1	1	1	58.1	1
0	1	1	1	1	0	67.61	0
1	1	1	1	1	1	66.77	0
1	1	1	1	1	.	73.34	0
0	0	1	0	0	1	59.99	1
0	0	0	0	0	0	41.32	1
0	0	0	0	0	1	58.4	0
0	0	0	0	1	1	53.16	0
1	1	1	1	1	1	62.49	1
1	1	1	1	1	1	71.72	1
0	0	1	1	1	0	69.98	1
1	1	1	0	1	1	65.48	0
0	0	1	1	1	0	66.56	0
1	1	1	1	1	0	63.07	1
1	1	1	1	1	0	66.39	1
1	1	1	1	1	1	.	0
1	1	1	1	1	1	80.62	0
.	.	.	.	.	1	56.27	0
0	0	0	1	1	0	57.29	1
1	1	1	1	1	1	71.42	0
1	0	1	1	1	1	40.32	0
1	1	1	1	1	1	78.61	1
0	1	1	1	1	0	44.25	1
1	1	1	0	0	1	52.4	0
1	0	1	0	0	1	50.34	1
0	0	0	1	1	1	39.31	0
0	1	1	1	1	1	64.97	0
1	1	1	1	1	1	66.36	0
0	1	0	0	0	0	46.59	1
1	1	1	0	1	1	55.52	1
1	1	1	1	1	.	51.12	1
1	1	1	0	0	1	65.04	1
1	0	1	1	1	0	56.28	0
1	1	1	1	1	1	68.31	0
0	1	1	1	1	1	60.44	1
1	1	1	1	1	1	53.88	0
1	1	1	1	0	1	58.34	1
1	1	1	1	1	1	49.58	0
0	1	1	1	1	1	58.12	1
1	1	1	1	1	0	46.83	0
1	1	1	0	0	1	51.92	1
1	0	1	0	1	0	.	0
0	0	0	1	1	1	60.96	0
0	0	0	1	1	1	67.6	0
1	1	1	1	0	1	57.98	0
1	1	1	0	1	1	50.07	0
1	0	1	1	1	1	46.19	0
1	1	1	1	1	1	43.6	0
.	0	0	1	1	1	62.31	0
.	.	.	.	.	.	.	0
.	.	.	.	.	.	.	0
1	1	1	1	1	0	57.2	0
1	1	1	0	1	1	46.7	0
1	1	1	0	0	1	52.78	0
1	1	1	1	1	1	50.33	0
1	1	1	1	1	1	60.73	0
1	1	1	0	0	1	.	0
1	1	1	1	0	1	60.13	0
1	1	1	1	1	1	65.78	0
0	0	0	1	0	0	51.4	0
1	1	1	0	0	1	56.54	0
1	1	1	1	1	1	62.77	0
1	1	1	1	1	0	64.75	0
0	1	1	1	1	1	58.47	0
1	1	1	1	1	0	59.63	0
1	1	1	0	0	1	32.6	0
1	0	1	1	1	1	51.01	0
1	1	1	0	0	0	50.04	0
1	1	1	1	0	1	42.29	0
1	0	1	1	1	0	46.2	0
1	1	1	1	0	0	64.2	0
1	1	1	0	0	.	67.69	0
1	1	1	1	0	0	46.29	0
1	1	1	.	1	1	72	0
1	1	1	1	0	1	48.5	0
0	1	1	0	1	.	60.42	0
1	0	1	1	1	1	50.81	0
0	0	1	0	1	1	52.22	0
1	0	1	0	1	1	53.17	1
1	1	1	0	0	0	57.17	1
0	0	1	0	0	1	41.2	1
1	1	1	1	0	1	55.68	1
1	1	1	1	1	1	72.12	1
1	1	1	1	1	1	65.08	1
1	1	1	0	0	0	43.22	1
0	0	1	1	0	1	50.93	1
1	1	1	1	1	1	50.13	1
0	0	1	1	1	1	52.84	1
1	1	1	1	1	1	43.31	1
1	1	1	0	0	1	52.01	1
1	1	1	0	1	1	47.24	1
1	1	1	1	1	0	56.86	1
1	1	1	1	1	1	43.97	1
1	1	1	1	1	1	42.01	1
0	1	1	1	1	0	50.21	1
1	1	1	1	1	1	44.67	1
1	1	1	1	1	1	39.65	1
1	0	0	1	1	1	63.19	1
1	0	0	1	1	1	37.08	1
1	1	.	1	1	1	54.15	1
1	1	0	1	1	1	55.45	1
1	1	1	1	1	1	64.39	0
0	0	0	0	0	1	.	1
0	0	0	1	1	0	38.58	1
0	0	0	1	1	1	46.56	1
1	1	0	0	0	1	78.51	1
.	.	.	.	.	.	.	1
1	0	0	0	0	1	38.13	0
1	1	1	0	0	0	33.13	1
1	1	0	1	1	1	34.08	1
1	1	0	1	0	0	34.39	0
0	0	1	0	0	1	61.83	0
1	1	1	1	1	0	44.77	0
0	0	1	0	1	.	30.22	0
1	1	1	1	1	1	52.2	0
1	1	1	1	0	1	47.96	0
0	0	0	0	0	1	72.4	0
1	1	1	1	0	.	.	1
.	.	.	.	.	.	.	1
0	0	1	0	0	.	.	0
1	1	1	1	1	.	.	1
1	1	1	0	1	1	70.43	0
0	0	1	0	0	0	44.1	0
0	1	1	1	1	.	42.42	0
0	0	0	0	0	0	35.85	0
0	0	1	0	1	.	46.25	0
0	0	1	0	0	.	.	1
1	1	0	1	0	0	47.81	1
0	1	0	0	.	1	33.75	0
.	.	.	.	.	.	.	0
1	1	1	1	1	0	55.18	0
.	.	.	.	.	0	48.48	1
.	.	.	.	.	.	.	0
1	1	1	0	0	1	64.1	0
0	0	0	0	0	1	37.07	1
.	.	.	.	.	0	72.64	0
1	1	1	1	1	1	43.31	0
1	0	0	1	0	1	.	0
1	1	1	0	0	1	42.22	1
1	1	1	1	1	.	.	1
1	1	1	1	1	1	59.14	0
1	1	1	1	0	0	51.3	0
1	0	0	1	0	1	36.53	1
0	1	1	1	1	.	.	0
.	.	.	.	.	.	.	0
1	1	1	1	1	1	48.01	1
1	1	1	1	1	0	54.07	0
1	1	1	1	1	1	70.98	1
0	1	.	0	1	0	57.39	0
1	1	1	0	0	1	54.24	1
1	1	1	1	1	0	53.18	0
0	0	0	1	1	.	.	0
1	1	1	1	1	1	59.99	1
0	1	1	0	0	0	56.27	1
1	1	1	1	1	1	.	1
0	1	1	1	1	1	63	1
1	1	1	0	1	.	.	1
0	0	1	0	1	1	63.42	1
0	1	1	0	1	.	67.42	0
1	1	1	0	0	0	.	0
0	0	1	0	0	1	55.97	1
1	1	1	.	0	1	35.91	0
0	0	1	0	1	1	36.57	0
0	1	1	0	1	1	71.86	1
0	0	0	0	0	1	58.08	1
1	1	1	0	1	1	64.41	1
1	1	1	1	1	1	55.63	0
1	1	1	1	1	1	57.88	0
0	0	1	1	1	.	.	0
1	1	1	1	1	1	58.06	0
1	0	0	0	1	.	.	0
1	1	1	1	0	1	53.15	1
1	1	1	1	1	1	50.4	0
1	1	1	1	1	0	52.79	1
1	0	0	1	0	.	.	1
1	1	1	1	1	0	.	0
1	1	1	0	0	0	40.33	0
0	0	0	0	0	1	36.04	0
1	1	1	1	1	1	74.22	0
.	.	.	.	.	.	.	1
0	1	1	1	1	1	35.84	0
1	0	0	1	1	1	34.65	1
0	0	0	1	1	.	51.62	0
1	1	1	1	1	0	61.98	1
1	1	1	1	1	1	53.87	1
.	.	.	.	.	.	.	0
1	1	1	1	1	1	69.86	0
.	.	.	.	.	1	67.56	0
1	1	1	1	1	1	74.28	0
1	1	1	1	1	1	68.61	1
0	1	1	1	1	1	50.86	0
1	0	1	0	0	1	40.13	1
1	1	1	1	1	1	56.31	0
1	1	1	1	1	1	36.65	0
1	1	1	1	1	0	50.73	0
0	0	0	0	1	0	43.35	1
1	1	1	1	1	1	65.49	0
1	1	1	1	1	1	66.59	0
1	1	1	.	1	1	38.61	0
1	1	0	1	1	1	59.92	1
1	0	1	1	1	1	61.86	0
.	.	.	.	.	1	67.18	0
1	1	1	0	0	1	62.06	1
1	1	1	1	1	.	.	0
1	1	.	0	0	0	.	1
0	0	1	1	1	0	43.14	1
1	0	1	0	0	1	44.28	1
1	1	0	1	1	1	.	0
1	0	1	1	1	0	44.64	0
0	1	1	0	0	.	.	0
1	1	1	1	1	1	46.96	0
.	.	.	.	.	.	.	1
1	1	1	0	0	1	67.6	0
1	1	1	0	1	0	61.34	1
1	1	1	1	1	1	61.87	1
0	0	0	0	1	0	38.92	1
1	1	1	0	0	1	61.48	1
1	1	1	0	1	1	67.69	1
1	1	1	0	0	1	33.73	0
1	1	1	0	1	0	50.03	1
1	1	0	1	1	1	48.01	0
1	1	1	1	1	0	58.36	1
0	1	1	1	1	1	85.84	0
0	1	1	1	1	0	68.62	0
0	0	1	0	0	1	55.57	1
0	1	1	1	1	1	66.81	0
1	1	1	1	1	1	50.62	1
1	0	1	1	1	0	54.42	1
1	1	1	1	1	1	59.38	1
0	0	0	0	1	1	.	0
1	0	0	0	0	0	70.95	0
0	0	0	0	0	0	55.28	0
1	1	1	1	1	1	53.55	1
1	1	1	0	1	1	50.6	0
0	1	0	0	0	.	49.44	0
.	.	.	.	.	.	.	1
0	1	1	1	1	0	53.92	1
.	.	.	.	.	1	73.73	1
0	0	0	0	0	0	58.16	1
0	1	1	1	1	1	57.33	1
1	1	1	1	0	.	69.11	0
.	.	.	.	.	0	.	0
1	1	1	1	0	1	68.21	1
1	1	1	1	1	1	70.38	1
0	1	1	1	0	0	61.88	1
0	0	0	1	0	0	68.82	0
1	0	1	1	1	1	61.41	1
1	0	1	0	1	1	55.34	1
1	1	1	1	1	1	62.47	1
1	1	1	1	1	0	72.91	1
1	1	1	0	0	1	76.33	1
1	1	0	1	0	1	66.68	0
0	1	1	1	0	1	49.58	0
.	.	.	.	.	.	.	1
1	1	1	1	1	.	.	0
0	0	0	0	1	0	.	1
0	1	0	1	0	0	37.18	0
1	1	1	0	0	0	63.08	0
0	0	0	0	0	1	66.98	1
1	1	1	0	0	1	50.8	0
1	1	1	1	1	1	52.11	1
.	.	.	.	.	.	.	0
1	1	1	1	1	.	79.09	0
1	1	1	1	1	1	.	0
1	1	1	1	1	0	54.3	1
1	1	0	0	0	1	69.56	0
1	1	1	0	0	1	49.67	0
0	1	1	1	0	0	.	0
0	0	0	0	1	1	53.2	0
0	0	0	0	0	.	47.53	0
1	1	1	1	1	1	66.04	1
0	0	0	0	0	0	63.36	1
0	1	1	0	1	1	72.58	1
0	0	1	1	0	.	.	0
0	1	1	0	0	0	.	0
1	1	1	1	0	0	47.56	0
1	1	1	1	1	1	69.75	1
1	1	1	1	1	1	51.79	1
1	1	1	0	0	0	73.52	1
1	1	1	0	1	1	71.08	0
.	.	.	.	.	.	.	0
0	0	1	0	0	.	54.3	1
0	0	1	1	1	.	59.67	1
1	1	1	1	1	1	60.58	1
1	1	1	1	1	1	74.75	0
1	1	1	0	0	1	58.38	1
1	0	0	0	0	0	41.12	0
1	1	1	1	1	0	68.66	1
1	1	1	1	1	1	72.2	1
1	0	1	1	1	0	63.86	0
0	1	1	0	1	1	63.26	1
0	1	1	1	1	0	40.59	0
1	1	1	0	1	1	52.5	1
0	0	0	0	0	0	36.44	0
1	1	1	1	1	0	39.78	0
1	1	1	1	1	.	59.42	0
0	0	0	0	0	0	42.5	0
1	1	1	1	1	1	69.53	0
0	1	1	1	1	1	74.31	0
1	1	1	1	1	0	75.07	1
1	1	1	1	1	1	57.84	1
0	1	0	0	1	0	68.42	0
1	1	0	1	1	1	68.17	0
0	1	1	1	1	.	41.22	0
0	0	1	0	0	1	63.67	1
0	0	0	1	0	1	72	1
1	1	1	1	1	1	57.41	0
1	1	1	0	1	1	76.99	1
1	1	1	.	1	1	70.09	0
1	1	1	1	1	1	71.61	0
.	.	.	.	.	.	46.12	0
1	0	0	1	0	1	47.41	1
0	1	1	1	1	1	70.73	1
1	1	1	1	1	1	80.65	0
1	1	1	1	1	1	65.09	1
1	1	1	1	1	1	66.23	0
0	0	1	1	1	1	60.83	1
0	0	0	1	1	0	47.68	0
0	0	1	0	1	.	69.89	0
1	1	1	1	1	1	53.95	1
0	0	1	1	1	0	52.92	1
1	1	1	1	1	0	63.87	1
0	0	0	0	0	0	58.74	1
1	1	1	1	1	0	59.29	1
0	0	0	1	1	1	45.27	0
1	1	1	1	1	0	76.59	0
1	0	1	0	1	0	58.82	1
0	1	0	1	0	1	81.63	1
1	1	1	1	1	1	57.32	0
1	0	1	1	1	1	64.55	0
1	1	1	1	1	.	61.12	1
.	.	.	.	.	.	.	0
0	1	1	1	0	1	49.39	0
1	1	1	1	1	1	51.03	1
1	1	1	1	1	1	75.08	0
1	1	1	1	1	1	70.8	1
1	1	1	0	1	1	68.76	0
1	0	1	0	1	1	.	1
0	0	0	0	1	.	67.82	0
1	1	1	0	1	1	68.29	0
1	1	1	0	1	.	56.82	0
1	1	1	1	1	1	73.69	0
1	1	1	1	1	1	87.73	1
1	1	1	1	1	1	91.17	0
1	1	1	1	1	1	63.74	0
1	1	1	1	1	1	68.29	1
0	1	1	0	1	1	47.48	0
1	1	1	0	0	1	53.86	1
1	1	1	1	1	.	36.13	0
0	1	1	1	1	.	73.28	0
0	0	0	1	1	1	60.34	0
1	1	1	1	1	1	64.74	1
1	1	0	0	1	1	66.79	1
1	1	0	1	1	.	52.15	1
0	0	1	1	1	1	61.28	1
1	1	.	0	1	1	57.38	1
0	1	1	1	1	1	55.88	0
1	1	1	0	1	1	69.23	0
1	0	1	1	1	1	58.46	1
.	.	.	.	.	.	.	1
1	1	1	1	1	1	59.61	0
0	1	1	1	1	0	45.76	1
1	1	1	1	1	1	76.61	0
0	0	0	1	1	.	41.75	1
1	1	1	1	1	0	56.73	0
0	1	1	1	1	1	51.99	1
1	0	1	1	1	1	64.48	0
1	1	1	1	1	1	74.19	1
1	1	1	1	1	1	71.97	0
0	0	1	0	0	.	65.53	0
0	1	1	0	1	.	74.37	0
1	0	1	1	1	0	76.19	1
0	1	0	0	0	1	44.04	0
1	1	1	0	1	1	55.59	0
0	1	1	1	1	1	74.31	1
1	0	1	0	0	0	60.25	0
0	0	1	1	1	1	57.52	1
1	0	0	1	1	0	52.14	1
1	1	1	0	0	1	70.28	0
1	0	1	0	.	1	57.04	0
0	0	0	1	0	1	.	0
1	1	1	1	1	1	69.02	0
.	.	.	.	.	0	42.3	0
.	.	.	.	.	1	37.2	0
0	1	1	0	1	1	71.26	0
1	1	1	1	1	1	68.96	1
0	0	1	0	0	1	51	1
1	1	1	0	1	1	66.73	1
1	1	1	1	1	1	57.34	1
1	1	1	1	1	1	78.01	1
0	1	1	0	0	0	52.51	0
0	1	0	0	1	0	54.25	0
0	0	1	1	1	.	.	0
0	1	1	0	1	1	54.87	0
0	0	0	0	0	1	50.34	0
1	1	1	1	1	0	66.96	1
0	0	0	0	0	0	37.69	0
1	1	1	0	1	1	54.32	1
0	1	1	0	1	0	70.51	0
0	0	0	0	0	0	54.78	1
0	0	0	0	0	1	73.83	1
0	0	0	0	0	1	48.21	1
1	1	1	1	1	1	72.5	0
1	1	1	.	0	0	39.26	0
0	0	1	0	1	0	57.9	1
0	0	1	0	0	1	45.2	1
1	1	0	1	0	1	67.16	0
0	0	0	0	1	1	64.41	1
1	1	1	0	1	1	68.66	1
0	1	1	1	1	0	43.79	0
1	1	1	1	0	0	39.57	0
1	0	1	0	0	1	34.51	0
0	0	1	1	1	1	61.25	1
1	1	1	1	1	0	46.48	0
0	1	0	0	1	1	.	0
0	0	1	1	1	0	57.69	1
0	0	0	0	0	0	57.89	0
1	0	0	0	0	0	62.78	0
1	1	1	0	1	1	70.39	1
0	0	1	1	1	1	63.38	0
1	1	1	0	1	1	71.54	1
0	0	0	0	0	0	61.47	0
1	1	1	1	1	1	62.06	1
1	1	1	0	1	0	60.22	1
1	0	0	1	1	1	68.98	1
1	1	1	1	1	1	90.86	0
0	0	1	0	1	1	56.64	0
0	0	0	1	1	0	55.98	0
.	.	.	.	.	.	.	0
1	1	1	1	1	1	51.9	0
1	1	1	1	1	1	66.11	1
0	0	0	1	0	0	51.05	0
0	1	1	1	1	1	74.8	1
0	1	1	1	1	1	65.43	1
1	1	1	1	1	1	62.48	1
.	.	.	.	.	.	.	0
1	1	1	1	1	1	75.69	0
0	0	0	0	1	1	56.81	0
1	1	1	1	1	1	72.04	1
0	0	0	0	0	1	67.88	1
0	1	1	1	0	1	65.17	0
1	0	1	0	1	1	73.07	1
0	1	1	1	1	1	66.34	0
1	1	1	1	1	1	76.45	1
1	1	1	1	0	1	72.13	1
1	1	1	0	1	0	75.85	1
1	1	1	1	1	1	59.2	1
1	1	1	1	1	.	.	0
0	0	0	0	0	1	56.56	1
1	1	1	1	1	1	63.14	1
1	1	1	1	1	.	.	0
0	0	0	0	0	.	30.21	0
1	1	1	1	1	1	65.44	1
1	1	1	1	1	1	67.9	1
1	0	0	1	1	1	44.42	0
1	1	1	1	1	1	48.18	0
0	0	1	1	1	1	67.08	1
.	.	.	.	.	.	.	0
.	.	.	.	.	1	52.87	0
1	1	1	0	0	.	43.84	0
0	1	1	1	1	0	47.5	0
1	1	1	1	1	0	46.75	1
0	0	.	0	0	0	44.89	1
1	1	1	1	1	1	61.64	0
1	0	1	1	1	1	56.39	0
0	0	0	0	0	1	45.52	0
0	0	0	0	0	0	.	0
1	0	0	0	0	1	44.76	1
0	0	1	0	0	0	50.77	0
0	0	1	1	1	.	.	1
1	1	1	1	1	1	56.51	1
0	1	0	0	0	0	56.51	1
1	1	1	1	1	.	.	0
1	1	1	1	1	1	62.89	1
0	0	0	0	0	0	.	1
1	1	1	1	1	1	50.72	0
1	1	1	1	1	1	65.16	1
1	0	1	0	1	1	41.22	0
1	1	1	0	1	1	57.88	1
0	1	0	0	0	.	55.71	1
0	1	1	1	1	1	.	0
1	1	1	0	1	.	.	0
0	0	0	0	0	.	42.4	1
0	0	0	1	1	1	61.73	1
0	1	1	1	1	.	.	0
.	.	.	.	.	.	.	0
1	1	1	0	0	1	.	0
1	1	1	1	1	1	61.13	1
0	0	0	1	1	1	74.69	0
1	1	1	0	1	1	57.25	0
.	.	.	.	.	1	45.09	0
1	1	1	1	1	1	62.66	1
0	1	1	0	0	.	.	1
0	1	1	1	1	1	76.79	0
1	0	1	0	0	1	43.56	1
1	0	1	0	0	1	45.1	0
1	1	1	1	1	1	59.67	0
0	0	1	1	1	1	66.5	1
1	1	1	0	1	1	.	1
1	1	1	1	1	0	76.52	0
0	0	0	0	0	1	71.91	1
1	1	1	0	0	1	46.45	1
1	1	1	0	0	1	55.16	1
0	1	1	0	1	1	56.61	0
1	1	1	0	0	1	52.14	0
0	0	0	.	0	1	63.5	0
0	0	1	1	1	1	41.78	1
1	1	0	0	0	1	74.28	1
0	0	0	0	1	1	52.64	1
1	1	1	0	0	1	58.37	0
0	0	1	0	0	1	47.5	1
1	1	1	.	1	1	73.57	0
.	.	.	.	.	.	62.68	0
1	1	1	1	1	1	72.81	1
0	0	1	0	0	0	67.85	1
0	0	0	1	0	.	.	1
1	1	1	1	1	1	65.43	1
0	0	0	0	0	1	37.52	1
1	0	1	0	1	1	42.07	1
1	0	1	1	1	1	63.23	0
0	0	0	0	1	.	.	1
1	0	1	0	0	1	44.26	1
0	0	1	0	0	1	43.64	0
1	1	1	1	1	1	.	1
1	1	1	.	.	1	37.32	0
1	0	.	.	.	.	.	0
1	1	1	0	0	1	43.28	0
.	.	.	.	.	.	.	0
1	1	1	0	0	.	.	0
1	0	0	0	0	1	50.89	0
1	1	1	1	1	.	61.32	0
1	0	1	1	1	1	47.37	1
.	0	1	0	0	.	.	0
.	.	.	.	.	.	.	1
.	.	.	.	.	1	43.15	0
0	0	1	0	1	0	39.41	1
0	0	0	1	0	1	35.95	1
1	0	0	0	0	.	51.24	0
1	1	1	0	0	1	44.31	1
1	1	1	0	1	1	54.79	1
.	.	.	.	.	.	.	0
0	0	0	0	0	.	.	1
1	0	1	0	0	0	48.22	0
1	1	1	0	1	1	42.76	0
0	0	1	0	1	1	38.45	1
1	1	.	1	1	1	44.52	0
1	1	1	1	1	1	44.89	1
0	0	1	1	1	1	36.36	1
1	1	1	1	1	1	48.45	0
1	1	1	0	0	1	59.35	0
1	1	0	1	0	1	55.22	1
0	1	0	1	1	1	74.49	0
0	0	0	0	0	1	29.81	1
0	0	1	0	1	1	49.64	1
1	1	1	0	1	1	44.89	0
1	1	1	0	0	.	42.89	1
1	1	1	0	1	1	61.46	1
1	1	1	1	1	1	77.89	0
1	1	1	0	0	0	55.5	0
1	1	.	1	1	1	73.61	0
1	1	1	1	1	.	65.94	0
1	1	1	1	1	1	74.18	1
1	1	1	1	1	1	74.36	0
1	1	.	1	0	.	.	1
1	1	1	.	0	1	59.93	0
1	1	1	0	1	0	.	0
1	1	1	0	1	1	63.64	1
1	1	1	0	0	0	58.45	0
0	1	1	0	0	0	59.35	0
1	1	1	1	1	0	60.12	0
1	1	1	1	1	1	69.72	1
0	0	1	1	1	0	61.51	1
0	0	0	.	0	1	63.94	1
1	1	1	1	1	0	63.78	1
0	0	1	1	1	0	55.96	0
1	1	1	1	1	1	67.16	0
0	0	0	0	1	0	39.66	0
1	1	1	1	1	0	66.74	0
1	1	1	1	1	0	.	0
0	1	1	1	0	1	47.3	1
0	0	0	0	0	0	40.06	0
1	1	1	1	1	1	67.93	0
1	1	0	1	1	1	63.26	1
1	1	0	0	0	0	31.85	0
1	1	1	1	1	1	60.74	1
1	1	1	0	0	1	50.22	0
0	0	1	1	1	0	42.73	1
1	0	0	0	0	0	33.19	0
1	1	1	.	0	1	70.07	1
1	1	1	0	0	1	.	0
1	1	1	.	0	1	56.08	0
0	0	0	0	1	0	65.84	1
1	1	1	.	1	1	70	1
0	1	1	1	1	0	.	0
0	1	1	.	1	1	.	1
0	0	.	0	1	1	66.84	1
0	1	1	1	1	0	68.86	1
0	1	1	1	1	0	72.55	0
1	0	0	0	0	0	40.48	1
1	1	1	0	0	1	52.27	1
1	1	1	0	0	1	43.9	1
1	1	1	0	1	1	42.51	1
1	1	1	0	1	1	67.05	0
0	0	0	0	0	0	.	0
1	1	1	1	1	0	.	0
1	1	1	.	1	0	73.94	0
1	1	1	1	0	1	49.79	1
1	1	1	1	1	1	55.42	1
1	1	1	1	0	0	53.29	0
1	1	1	1	1	1	58.92	1
1	1	1	1	1	.	.	0
1	1	1	1	1	1	55.32	0
1	1	1	1	0	0	48.6	0
0	1	0	0	1	1	60.26	1
0	0	0	0	1	1	56.73	0
1	1	1	1	1	1	62.45	0
1	1	1	1	1	.	53.27	0
0	0	1	0	0	.	44.01	0
1	1	1	1	1	1	61.99	0
1	1	1	1	1	1	62.24	0
1	1	0	1	1	1	65.09	0
0	1	1	1	1	1	34.55	0
1	1	1	0	1	0	63.63	1
0	0	0	1	1	1	60.04	1
0	0	1	0	1	1	64.59	1
1	1	1	0	0	0	44.69	0
0	1	1	1	1	1	65.65	0
1	1	1	0	0	1	61.97	0
1	1	1	0	1	1	38.08	1
0	0	0	0	0	1	30.44	1
1	1	0	1	1	1	69.99	1
1	1	1	0	0	1	37.84	0
1	1	1	1	1	0	59.59	1
1	1	1	1	1	1	51.51	0
1	1	1	1	0	1	74.26	1
0	0	0	0	0	0	58.31	1
1	1	1	1	0	0	51.58	0
1	1	1	1	1	0	52.29	0
1	1	0	0	0	0	.	1
1	1	1	0	1	0	61.46	1
1	1	1	0	0	0	36.48	0
0	1	1	1	1	1	71.98	0
.	.	.	.	.	.	.	0
1	1	1	1	1	0	68.94	1
1	1	1	1	.	0	73.65	0
0	0	0	0	1	0	55.99	1
0	1	1	0	1	1	63.1	1
.	.	.	.	.	.	.	0
.	.	.	.	.	.	.	0
0	0	0	1	1	.	.	0
1	1	1	0	1	1	65.87	0
1	1	1	1	1	.	.	1
1	1	1	1	1	0	63.45	1
1	1	1	.	0	1	75.16	1
1	1	1	1	1	1	72.15	1
0	0	0	1	0	1	.	0
1	1	1	1	1	0	.	0
0	0	1	1	1	0	67.85	1
