335	1	1	1	0	1	1	1	1	0	0	0	1	0	1	0	0	1	0	0	0	0	0	0	4	6	3.5
287	0	1	0	1	0	0	0	1	0	0	0	0	0	1	0	0	1	0	0	0	0	0	0	3	2	2.5
193	1	1	1	0	0	1	0	1	0	0	0	0	0	1	0	0	0	0	0	0	0	0	0	5	1	1.5
378	1	0	0	0	0	1	0	0	0	0	0	1	0	1	0	0	1	0	0	0	0	0	0	5	2	1.5
36	0	1	1	0	1	1	1	0	0	0	0	0	0	1	0	0	1	0	1	0	0	0	0	3	3	1.5
175	1	1	1	0	0	1	1	1	0	0	0	0	0	1	0	0	1	0	0	0	0	0	0	5	2	2.5
248	0	1	1	0	0	1	1	1	1	0	0	0	0	1	0	0	1	0	0	0	0	0	0	4	5	2.5
451	1	1	1	1	1	1	1	1	1	0	0	0	0	1	0	0	1	0	0	0	0	0	0	5	5	4
45	0	1	0	0	0	1	1	1	1	0	0	0	0	1	0	0	0	0	1	0	0	0	0	5	6	3.5
383	1	0	1	0	0	1	1	0	0	0	0	0	1	1	0	0	1	0	0	0	0	0	0	4	6	2
12	1	1	1	0	0	1	1	0	0	0	0	0	1	1	0	0	1	0	0	0	0	0	0	4	3	3.5
526	0	0	0	0	0	1	0	0	0	0	0	0	0	1	0	0	1	0	0	0	0	0	0	5	6	3
428	0	1	0	0	0	1	0	0	0	0	0	0	0	1	0	0	1	0	0	0	0	0	0	4	2	3
413	0	1	1	0	0	1	1	0	0	0	0	0	0	1	0	0	1	0	0	0	0	0	0	4	3	3
58	1	0	1	0	0	1	0	0	1	0	0	1	1	1	0	0	1	0	0	0	0	0	0	4	5	2.5
415	0	1	0	0	1	0	1	0	0	0	0	1	1	0	0	1	1	0	0	0	0	0	0	4	6	1.5
511	1	1	0	0	0	0	0	1	0	0	0	0	1	1	0	0	1	0	0	0	0	0	0	4	6	3.5
398	1	1	1	0	0	1	1	1	0	0	0	0	1	1	0	0	1	0	0	0	0	0	0	5	5	2.5
241	1	1	1	0	0	1	0	0	0	0	0	0	0	1	0	0	0	0	0	1	0	0	0	5	5	2.5
32	1	1	1	0	0	1	1	1	0	0	0	0	1	1	0	0	1	0	0	0	0	0	0	5	6	3
365	0	1	0	1	0	1	1	1	0	0	0	0	0	1	0	0	1	0	0	0	0	0	0	4	2	3
356	1	1	1	1	0	1	1	1	1	0	0	0	0	1	0	0	1	0	0	0	0	0	0	5	5	2.5
477	0	1	1	0	0	1	0	1	1	0	0	0	0	1	0	1	0	0	1	0	0	0	0	5	5	2.5
362	1	1	1	0	0	1	1	1	1	0	0	0	0	1	0	0	1	0	0	0	0	0	0	3	3	2.5
344	0	1	0	1	0	1	1	1	1	0	0	0	0	1	0	0	1	0	0	0	0	0	0	5	5	3
363	1	1	1	0	0	1	0	1	1	0	0	0	1	1	0	0	1	0	0	0	0	0	0	5	3	1.5
370	1	1	1	0	0	1	0	1	0	0	0	1	0	1	0	0	1	0	1	0	0	0	0	5	5	2.5
219	0	1	0	0	0	0	0	0	0	0	0	0	0	0	1	1	1	0	0	0	0	0	0	5	2	1.5
26	0	1	0	0	0	0	0	0	0	0	0	0	0	1	0	0	0	1	0	0	0	0	0	5	5	2
127	0	1	1	0	0	1	1	1	0	0	0	0	0	1	0	0	1	0	0	0	0	0	0	5	3	3
283	1	0	0	0	0	0	0	0	0	0	0	0	0	1	0	0	0	1	0	0	0	0	0	5	5	3
53	1	1	1	0	1	1	1	0	0	0	0	1	0	1	0	0	1	0	0	0	0	0	0	4	6	3
141	1	1	1	0	0	1	1	1	1	0	0	0	0	1	0	0	1	0	0	0	0	0	0	4	6	2
555	0	1	1	0	0	1	0	0	0	0	0	0	0	1	0	0	0	1	0	0	0	0	0	5	2	1
264	0	0	0	0	0	0	0	0	0	0	0	0	0	0	1	0	0	1	0	0	0	0	0	4	6	3.5
70	1	1	1	0	1	1	0	0	0	0	0	1	0	0	1	1	1	0	0	0	0	0	0	5	6	3
91	0	0	1	0	0	0	1	1	1	0	0	0	0	1	0	0	0	0	0	1	0	0	0	5	3	4
21	1	1	1	0	0	1	1	0	0	0	0	0	0	1	0	0	0	0	1	0	0	0	0	4	3	2.5
118	1	1	1	0	1	1	0	0	0	0	1	0	1	0	0	1	0	0	1	0	0	0	0	3	1	1
418	0	1	0	1	0	1	1	1	1	0	0	0	1	1	0	0	1	0	0	0	0	0	0	5	2	2
97	0	1	1	0	0	1	1	1	0	1	0	0	0	1	0	0	0	1	0	0	0	0	0	5	4	3.5
341	0	0	0	0	0	0	0	1	0	0	0	0	0	1	0	0	1	1	0	0	0	0	0	4	2	3
170	1	1	1	0	1	1	0	1	1	1	1	1	0	1	0	0	0	0	1	0	0	0	0	4	3	3.5
297	0	0	0	0	0	0	0	0	0	0	0	0	0	1	0	0	1	0	0	0	0	0	0	2	6	2
27	0	1	1	0	0	1	1	0	0	0	0	0	0	1	0	0	0	0	0	1	0	0	0	5	6	2
548	1	1	0	0	0	1	1	1	0	1	0	0	0	1	0	0	1	0	0	0	0	0	0	5	5	3
139	1	1	1	1	1	1	1	1	0	0	0	1	0	1	0	0	1	1	0	0	0	0	0	4	3	3
37	0	0	0	0	0	1	0	0	0	0	0	0	0	0	1	0	0	1	0	0	0	0	0	4	5	2
403	1	1	1	0	1	1	0	0	0	0	0	0	0	1	0	0	0	1	0	0	0	0	0	5	5	2
234	1	1	1	0	0	1	1	1	1	0	0	0	0	0	0	1	1	0	0	0	0	0	0	4	6	2.5
482	0	0	0	0	0	1	0	0	0	0	1	0	0	0	0	1	0	0	1	0	0	0	0	4	5	1.5
377	0	1	1	0	0	1	0	1	1	0	0	0	0	1	0	0	0	0	1	0	0	0	0	5	3	2.5
48	1	1	1	0	0	1	1	1	0	0	0	0	0	1	0	0	1	0	0	0	0	0	0	5	6	2
99	1	0	1	0	0	1	1	0	0	0	0	0	1	1	0	0	1	0	0	0	0	0	0	4	5	3
5	1	0	1	0	0	1	1	1	0	0	0	0	0	1	0	0	1	0	0	0	0	0	0	5	6	0.5
529	1	1	1	1	0	0	0	0	0	0	0	1	0	1	0	0	1	0	0	0	0	0	0	5	2	2
239	1	1	1	0	0	0	1	0	0	0	0	0	0	0	0	1	1	0	0	0	0	0	0	4	5	2.5
458	1	1	0	0	1	1	1	1	0	0	0	0	0	1	0	0	0	1	0	0	0	0	0	5	2	3.5
77	1	1	1	1	0	0	0	1	1	0	0	0	0	1	0	0	1	0	0	0	0	0	0	4	2	4
108	1	1	1	0	0	1	1	0	0	0	0	0	0	1	0	0	1	0	0	0	0	0	0	3	3	4
74	1	1	1	0	0	1	1	1	1	0	0	0	0	1	0	0	1	1	0	0	0	0	0	4	6	2.5
454	1	1	1	0	0	1	0	0	0	0	0	1	1	1	0	0	1	0	0	0	0	0	0	5	3	2.5
182	0	0	1	0	1	0	0	1	0	0	0	0	0	1	0	0	1	0	0	0	0	0	0	4	5	2.5
402	1	0	1	0	1	1	1	0	0	0	0	0	0	0	0	1	1	0	0	0	0	0	0	5	6	3.5
199	1	1	0	0	1	1	1	0	0	0	0	0	0	1	0	0	1	0	0	0	0	0	0	4	3	3.5
484	1	1	1	0	1	1	0	1	0	0	0	0	0	1	0	0	1	0	0	0	0	0	0	5	5	1
391	1	1	1	0	0	1	1	0	0	0	0	1	0	1	0	0	1	0	0	0	0	0	0	4	3	1
226	1	1	0	0	0	0	1	0	0	0	0	0	0	1	0	0	1	0	0	0	1	0	0	4	6	1.5
192	0	1	0	0	1	1	0	0	0	0	0	0	0	1	0	0	0	0	0	1	0	0	0	5	5	3
494	1	0	1	0	1	0	0	0	0	0	0	0	0	1	0	0	1	0	0	0	0	1	0	2	4	1
516	0	0	0	0	0	0	0	1	0	0	0	1	0	1	0	0	0	0	0	1	0	0	0	4	2	2.5
149	1	0	1	0	0	1	1	1	1	1	0	0	0	1	0	0	0	0	0	1	0	0	0	5	5	2.5
504	0	1	0	1	0	0	0	0	0	0	0	0	0	1	0	0	1	0	0	0	0	0	0	4	2	2.5
260	1	1	1	0	1	1	1	1	1	0	0	0	0	1	0	0	0	1	0	0	0	0	0	4	6	2.5
78	1	1	1	0	0	1	0	0	1	0	0	1	0	1	0	0	1	0	0	0	0	0	0	4	6	2.5
57	0	1	1	0	0	0	0	0	0	0	0	0	0	1	0	0	1	0	0	0	0	0	0	4	6	3
132	0	0	0	0	0	0	0	0	0	0	0	0	0	1	0	1	1	1	0	0	0	0	0	5	6	1.5
186	1	1	0	0	0	1	0	1	0	0	0	0	0	1	0	0	1	0	0	0	0	0	0	4	6	2
528	1	1	1	0	0	1	1	1	0	0	1	1	1	1	0	0	1	0	0	0	0	0	0	4	2	3
202	1	1	0	1	0	0	0	1	0	0	0	0	0	1	0	0	0	1	0	0	0	0	0	5	2	2
49	1	1	1	0	1	1	1	0	0	0	0	0	0	1	0	0	0	0	1	0	0	0	0	5	5	3.5
358	1	1	0	0	0	1	1	0	0	0	0	0	1	1	0	0	1	0	0	0	0	0	0	5	5	3
291	1	0	0	0	0	0	0	0	0	1	0	0	0	1	0	0	0	0	0	1	0	0	0	5	2	2.5
424	1	1	0	0	1	1	1	0	0	0	0	0	0	1	0	0	0	1	0	0	0	0	0	5	5	3
565	1	0	1	1	0	0	0	0	0	0	0	0	1	0	1	0	1	0	1	0	0	0	0	3	2	1.5
343	0	1	1	0	0	1	1	1	1	0	0	1	1	1	0	0	0	1	0	0	0	0	0	4	3	1
96	0	1	0	0	0	0	0	0	0	0	0	0	0	1	1	0	1	1	0	0	0	0	0	5	5	3
20	0	1	1	0	1	0	1	1	1	0	0	0	0	1	0	0	1	1	0	0	0	0	1	2	5	2
135	0	1	1	0	0	1	0	1	1	0	0	0	0	1	0	0	1	1	0	0	0	0	0	5	3	2.5
140	1	1	1	0	0	1	1	0	0	1	0	0	0	1	0	0	1	0	0	0	0	0	0	5	3	3.5
436	0	0	0	0	0	0	1	0	0	0	0	0	0	1	0	0	0	0	1	0	0	0	0	4	5	3.5
129	1	1	1	1	0	1	1	0	0	0	0	1	0	0	0	1	1	0	1	0	0	0	0	5	2	3
549	1	1	0	0	0	1	0	1	0	0	0	0	0	1	0	0	1	0	0	0	0	0	0	5	3	2
417	1	1	1	0	0	1	1	1	1	0	0	1	0	1	0	0	0	0	1	0	0	0	0	5	3	3
227	1	1	1	0	0	1	1	0	0	0	0	1	0	1	0	0	1	1	0	0	0	0	0	5	6	2.5
119	0	0	1	1	0	1	0	0	0	0	0	1	0	1	0	0	0	0	0	0	1	0	0	5	2	1.5
22	0	1	0	0	0	1	1	0	0	0	0	0	0	1	0	0	0	0	0	1	0	0	0	5	5	1.5
83	0	1	1	0	0	1	0	1	1	0	0	0	0	0	0	1	1	0	0	0	0	0	0	5	6	2
357	1	1	1	0	1	0	0	1	1	0	0	1	0	1	0	0	1	0	0	0	0	0	0	4	3	2
311	1	1	1	0	0	1	1	0	1	0	0	0	0	1	0	0	1	0	0	0	0	0	0	5	6	2.5
88	0	1	1	1	1	1	1	1	0	0	0	1	0	1	0	0	1	0	0	0	0	0	0	4	3	3.5
16	1	1	1	1	0	0	0	1	0	0	0	0	0	1	0	0	1	0	0	0	0	0	0	4	6	1.5
230	1	1	1	0	0	0	1	0	1	0	0	0	0	1	0	0	1	0	0	0	0	0	0	5	2	2.5
117	1	1	0	0	0	1	0	0	0	0	0	0	0	0	1	1	1	0	0	0	0	0	0	4	5	3.5
396	1	1	1	0	0	1	1	0	0	0	0	1	1	1	0	0	1	0	0	0	0	0	0	4	6	2.5
250	1	1	1	0	0	1	0	1	1	0	0	0	1	0	0	1	1	0	0	0	0	0	0	4	6	2
382	1	1	1	0	0	1	0	0	0	0	0	1	0	1	0	0	1	0	0	0	0	0	0	5	3	2
507	0	1	1	1	1	1	1	0	0	0	0	0	0	0	0	1	0	1	0	0	0	0	0	5	6	2.5
55	1	1	1	0	0	1	1	1	0	0	0	1	1	1	0	0	1	0	0	0	0	0	0	4	6	3
305	1	1	1	0	1	1	0	1	1	0	0	1	0	1	0	0	1	0	0	0	0	0	0	5	2	1
434	1	1	1	0	1	0	1	1	0	0	0	0	1	1	0	0	0	0	1	0	0	0	0	3	6	1.5
331	0	1	1	0	0	0	0	0	0	0	0	0	1	1	0	0	1	1	0	0	0	0	0	5	3	2.5
351	1	1	1	0	0	1	1	1	1	0	0	0	1	1	0	1	1	0	0	0	0	0	0	5	3	3.5
560	1	1	1	0	1	1	1	0	0	0	0	0	0	1	0	0	1	0	0	0	0	0	0	4	6	2.5
198	1	1	1	1	0	0	1	0	0	0	0	1	0	1	0	0	1	0	0	0	0	0	0	4	6	2.5
270	1	1	1	1	1	1	1	1	0	0	1	1	0	1	0	0	1	0	0	0	0	0	0	5	3	3
446	0	1	1	1	0	1	1	1	1	0	0	0	0	1	0	0	1	0	0	0	1	0	0	4	5	0
92	1	1	1	0	1	0	1	1	0	0	0	0	0	1	0	0	1	0	0	0	0	0	0	2	6	3
23	1	1	1	1	0	1	1	0	0	0	0	1	0	1	0	0	1	0	0	0	0	0	0	4	2	4
421	0	1	0	0	1	1	0	0	1	0	1	0	1	0	1	1	1	0	1	0	0	0	0	5	6	2.5
483	1	1	1	0	0	1	1	1	1	1	0	1	0	1	0	0	0	1	0	0	0	0	0	4	6	3.5
131	1	1	1	0	1	1	1	1	1	0	0	0	0	1	0	0	1	0	0	0	0	0	0	4	6	1
313	1	0	1	0	0	1	0	0	0	0	0	0	0	1	0	0	1	0	0	0	0	0	0	4	2	1.5
142	1	1	1	0	0	1	0	1	1	0	0	0	0	1	0	0	1	0	0	0	0	0	0	4	5	3.5
208	0	0	0	0	0	0	0	1	0	0	0	0	0	1	0	0	1	0	0	0	0	0	0	5	6	2.5
557	1	0	0	0	1	0	0	1	1	0	0	0	0	1	0	0	0	0	0	1	0	0	0	4	3	2.5
419	1	1	1	1	0	1	0	0	0	1	0	0	0	1	0	0	1	0	0	0	0	0	0	5	5	2
375	0	0	0	0	0	0	1	1	0	0	0	0	0	1	0	0	0	1	0	0	0	0	0	4	3	3
292	1	1	1	0	0	1	1	1	1	0	0	0	0	1	0	0	1	0	0	0	0	0	0	4	6	2.5
153	1	1	1	1	1	0	0	1	0	0	0	0	1	1	0	0	1	0	0	0	0	0	0	5	5	2.5
105	1	1	0	0	0	0	0	0	0	0	0	0	1	1	0	0	1	0	0	0	0	0	0	3	1	0
488	1	1	0	0	0	0	0	1	0	0	0	0	0	1	0	1	0	0	0	0	1	0	0	4	2	2
247	1	1	1	0	0	0	1	0	0	0	0	0	0	1	0	0	1	0	1	0	0	0	0	4	5	2
401	1	1	1	0	0	0	0	0	0	0	0	0	0	1	0	0	0	0	0	1	0	0	0	4	3	2
207	1	1	0	0	0	1	1	1	0	0	0	0	0	1	0	0	0	1	0	0	0	0	0	4	4	3.5
272	0	0	0	0	0	0	1	0	0	0	0	0	0	1	0	0	0	1	0	0	0	0	0	4	3	3.5
39	0	1	0	0	0	0	0	0	0	0	0	0	0	1	0	0	0	1	0	0	0	0	0	4	6	3
530	1	1	1	0	0	1	0	1	1	0	0	0	0	1	0	0	1	0	0	0	0	0	0	4	6	3
307	0	1	1	1	0	0	0	0	0	0	0	0	0	1	0	0	1	0	0	0	0	0	0	5	2	3.5
112	1	1	1	0	0	1	1	1	1	0	0	0	0	1	0	0	1	0	0	0	0	0	0	4	1	3.5
44	1	1	1	0	0	1	0	1	0	0	0	0	0	1	0	0	1	0	0	0	0	0	0	5	2	2.5
221	1	1	1	1	1	1	1	0	0	0	0	0	0	1	0	0	1	0	0	0	0	0	0	5	2	3.5
164	1	1	1	0	0	1	1	1	1	0	0	0	0	1	0	0	0	1	0	0	0	0	0	4	3	3.5
90	0	1	1	0	0	1	0	1	1	0	0	0	0	0	0	1	1	0	0	0	0	0	0	5	2	2
101	1	1	1	0	0	1	1	0	0	1	0	0	1	1	1	1	1	0	0	0	0	0	1	4	4	3
14	1	1	1	0	0	1	1	0	0	0	0	0	1	1	0	0	1	0	0	0	0	0	0	5	1	3.5
196	1	1	1	0	0	1	1	1	0	0	0	0	0	1	0	0	1	0	0	0	0	0	0	4	1	4
315	1	1	0	0	0	1	0	0	1	0	0	1	1	1	0	1	1	0	0	0	0	0	0	4	3	0.5
126	1	1	1	0	0	1	1	0	1	0	0	0	0	1	0	0	1	0	0	0	0	0	0	5	3	1
517	1	1	1	0	0	0	1	0	0	0	0	0	1	1	0	0	1	0	0	0	0	0	0	5	6	3
31	0	1	0	0	0	1	0	1	0	1	0	0	1	1	0	0	0	0	0	0	0	0	0	5	3	3
327	1	1	1	0	0	0	1	1	0	0	0	0	0	1	0	0	1	0	0	0	0	0	0	4	6	3
110	0	0	0	0	0	1	0	0	0	0	0	0	0	1	0	0	0	1	0	0	0	0	0	5	5	0.5
225	0	1	1	1	1	1	0	0	0	0	0	1	0	1	0	0	1	0	0	1	0	0	0	4	2	2
352	1	1	0	0	0	1	1	0	0	0	1	1	0	1	0	0	1	1	0	0	0	0	0	4	6	3.5
209	0	1	1	0	0	0	0	1	1	0	0	0	1	1	0	0	0	1	0	0	0	0	0	5	2	4
30	1	0	0	0	0	0	0	1	0	0	0	0	0	1	0	0	0	0	0	1	0	0	0	2	5	2
262	0	1	0	0	0	1	1	0	0	0	0	0	0	1	0	0	1	0	0	0	0	0	0	5	6	2.5
281	1	1	1	0	0	1	1	0	0	0	0	0	0	1	0	0	1	0	0	0	0	0	0	3	3	1.5
189	1	0	1	0	1	0	0	1	0	0	0	1	0	1	0	0	0	0	1	0	0	0	0	5	5	1
238	1	1	1	0	0	1	1	1	1	0	0	0	0	1	0	0	0	1	0	0	0	0	0	4	3	2
420	1	1	0	0	0	0	0	0	0	0	0	0	0	1	0	0	0	1	0	0	0	0	0	5	2	1.5
563	1	1	1	0	0	1	0	1	0	0	0	0	0	1	0	0	0	0	1	0	0	0	0	3	6	1
50	1	1	1	0	0	1	0	0	0	0	0	0	1	1	0	0	1	0	0	0	0	0	0	4	6	2.5
4	0	1	1	0	1	1	1	1	1	0	0	0	1	1	0	0	0	0	0	0	1	0	0	5	6	4
184	1	1	1	0	0	1	1	1	0	0	0	0	0	1	0	0	1	0	0	0	0	0	0	5	3	3
43	0	1	1	1	0	1	1	0	0	0	0	0	0	1	0	0	1	0	0	0	0	0	0	5	5	2
345	1	1	1	0	0	1	0	0	0	0	0	0	0	0	1	1	1	0	0	0	0	0	0	4	3	2
559	1	1	1	1	1	1	0	1	0	0	0	0	1	1	0	0	1	0	0	0	0	0	0	5	6	3.5
146	1	1	1	1	0	1	1	0	0	0	0	0	0	1	0	0	1	0	0	0	0	0	0	5	6	2.5
485	1	1	1	0	0	1	1	0	0	0	0	0	0	1	0	0	1	0	0	0	0	0	0	5	6	2.5
214	1	1	1	0	1	1	0	0	0	1	0	0	1	1	0	0	0	0	0	1	0	0	0	4	3	1
364	1	1	1	1	1	1	0	0	0	1	0	0	0	1	0	0	1	0	0	0	0	0	0	3	2	2.5
13	1	1	1	0	1	0	0	1	0	0	0	0	1	1	0	0	1	0	1	1	0	0	0	4	2	4
125	1	1	1	1	1	1	1	0	0	0	0	0	0	1	0	0	0	0	0	0	1	0	0	4	6	2
124	0	1	1	0	0	1	1	1	0	1	0	1	0	1	0	0	1	0	0	0	0	0	0	4	6	3
254	1	1	1	0	0	0	0	0	0	0	0	0	0	0	0	1	0	1	0	0	0	0	0	2	5	4
280	1	1	1	0	1	1	1	0	0	0	0	0	0	1	0	0	1	0	0	0	0	0	0	5	1	1.5
10	1	1	1	0	0	1	1	0	0	0	0	0	0	1	0	0	1	0	0	0	0	0	0	3	3	4
385	1	0	1	0	0	0	0	0	0	0	0	1	0	1	0	0	1	1	0	0	0	0	0	4	5	2
179	1	1	1	0	0	1	0	0	0	0	0	1	0	1	0	0	1	0	0	0	0	0	0	5	5	2
390	0	0	0	0	0	0	0	0	0	0	0	0	0	1	0	0	0	0	0	0	0	0	0	5	6	2
550	0	1	1	0	0	1	0	1	0	0	0	0	0	1	0	0	1	0	0	1	0	0	0	4	2	1
553	0	1	1	1	0	1	1	0	0	0	0	0	1	1	0	1	1	0	0	0	0	0	0	5	5	3
368	0	1	0	0	0	0	1	0	0	0	0	0	0	1	0	0	0	1	0	0	0	0	0	4	3	1.5
133	1	1	1	0	1	1	0	1	1	0	0	1	0	0	0	1	0	0	1	0	0	0	0	4	5	3.5
471	0	1	1	0	1	0	1	1	1	0	0	0	0	1	0	0	1	1	0	0	0	0	0	4	3	2.5
316	1	1	1	1	0	1	0	0	0	0	0	0	0	1	0	0	1	0	0	0	0	0	0	5	5	3.5
28	1	1	1	0	0	1	1	1	0	1	0	0	1	1	0	0	1	0	0	0	0	0	0	5	6	2.5
258	0	1	1	0	1	1	1	1	0	0	0	0	1	1	0	0	0	1	0	0	0	0	0	5	6	2.5
190	0	1	1	0	0	1	1	1	1	0	0	0	0	1	0	0	1	0	0	0	0	0	0	4	3	4
134	0	1	1	0	1	1	1	1	0	0	0	0	0	1	0	1	0	1	0	0	0	0	0	3	6	1.5
525	1	0	0	1	0	0	1	0	0	0	0	0	0	0	0	1	1	0	1	1	0	0	0	5	2	3.5
95	0	1	1	0	0	1	1	0	0	0	0	0	0	1	0	0	1	0	0	0	0	0	0	4	3	3.5
539	1	1	1	1	1	1	1	1	1	1	0	1	0	1	0	0	1	0	0	0	0	0	0	5	6	3.5
323	1	0	0	0	1	1	0	0	0	0	0	0	0	1	0	0	1	1	0	0	0	0	1	5	3	2
144	1	1	1	1	1	1	1	1	0	0	0	0	0	1	0	0	1	0	0	0	0	0	0	5	6	2
278	1	1	0	0	1	1	1	1	1	0	0	1	0	1	0	0	1	0	0	0	0	0	0	4	6	3.5
545	1	1	1	0	0	0	0	0	0	0	0	0	0	1	0	0	0	0	1	0	0	0	0	5	6	3
295	1	1	1	0	0	1	1	1	0	0	0	0	0	0	0	1	1	0	0	0	0	0	0	4	4	3.5
29	0	1	1	0	0	0	0	0	0	0	0	0	0	1	0	1	0	1	0	0	0	0	0	5	2	1.5
523	1	1	1	0	0	1	1	0	0	0	1	0	0	1	0	0	0	1	0	0	0	0	0	4	2	1
222	1	1	1	1	0	1	1	1	0	0	0	0	0	1	0	0	1	0	0	0	0	0	0	5	6	3
371	0	1	1	0	0	1	1	0	0	1	0	0	1	1	0	0	1	0	0	0	0	0	0	5	6	2
440	1	1	1	0	0	1	0	0	0	0	0	0	1	0	1	0	1	0	0	0	0	0	0	4	2	3
11	1	1	0	0	0	1	1	0	0	0	0	0	0	1	0	0	1	0	0	0	0	0	0	5	4	3
2	1	1	0	0	0	1	1	0	0	0	0	1	1	1	0	0	1	0	0	0	0	0	0	4	6	2
543	1	0	0	0	0	1	0	0	0	0	0	0	0	1	0	0	0	0	0	0	1	0	0	4	6	1
547	0	1	1	1	0	1	0	0	0	0	0	0	0	1	0	0	1	0	0	0	0	0	0	5	5	2.5
174	0	1	0	0	0	0	0	0	0	0	0	0	0	1	0	0	1	0	0	0	0	0	0	5	6	2.5
94	1	1	1	1	0	1	1	1	0	0	0	0	0	1	0	0	1	1	0	0	0	0	0	4	5	2.5
472	1	1	1	0	0	1	1	0	0	0	0	0	0	1	0	0	0	1	0	0	0	0	0	4	5	2
122	0	0	1	0	0	0	0	1	0	0	0	0	1	1	0	0	0	0	0	1	0	0	0	4	3	2.5
252	0	1	1	0	0	0	0	0	0	0	0	0	0	0	1	1	1	0	0	0	0	0	0	5	5	1
562	1	1	1	0	1	1	0	0	0	0	0	0	0	1	0	0	1	0	0	0	0	0	0	5	6	1.5
148	1	0	0	0	0	0	0	0	0	0	0	0	0	1	0	0	0	0	0	1	0	0	0	5	4	2
259	1	1	1	0	0	1	0	0	0	1	0	0	0	1	0	0	0	1	0	0	0	0	0	4	2	2.5
386	1	0	0	0	0	0	0	0	0	0	0	0	0	1	0	0	1	0	0	0	0	0	0	4	6	2.5
435	1	0	0	0	0	0	0	0	0	0	0	0	0	1	0	0	0	0	1	0	0	0	0	4	6	2.5
480	1	1	1	0	0	1	1	1	1	0	0	0	0	1	0	0	1	0	0	0	0	0	0	4	2	2.5
25	1	1	1	0	0	1	0	0	0	0	0	0	0	1	0	0	0	1	0	0	0	0	0	4	5	1.5
86	1	1	1	0	0	0	0	0	0	0	0	0	0	1	0	0	0	0	0	0	0	0	0	3	3	3
293	1	0	1	1	0	1	1	0	0	0	0	0	0	1	0	0	0	1	0	0	0	0	0	5	2	3.5
185	1	1	1	0	0	1	0	1	1	0	0	0	1	1	0	0	1	0	1	0	0	0	0	4	6	3
69	1	1	1	1	0	1	1	1	0	1	0	1	0	1	0	0	1	0	1	0	0	0	0	5	2	3
540	1	1	1	0	0	1	1	0	0	0	0	0	0	1	0	0	1	0	0	0	0	0	0	5	4	3
298	0	0	1	1	1	1	1	1	1	0	0	1	0	1	0	1	1	1	0	0	0	0	1	4	5	2.5
65	1	0	1	0	0	1	1	0	0	0	0	0	0	1	0	0	0	0	0	1	0	0	0	4	6	4
400	1	1	1	0	0	1	0	1	1	0	0	0	0	1	0	0	0	0	0	0	0	1	0	4	5	2.5
68	1	1	0	0	0	1	1	0	0	0	0	0	1	1	0	0	1	0	0	0	0	0	0	5	3	3
128	1	1	0	0	0	1	1	0	0	0	0	0	0	0	1	1	0	0	1	0	0	0	0	5	3	3.5
503	1	1	1	0	0	0	0	1	0	0	0	1	0	1	0	1	1	0	1	0	0	0	0	4	5	1
296	1	1	1	0	0	1	1	0	0	1	0	0	0	1	0	0	1	0	0	0	0	0	0	5	6	2.5
84	0	1	1	0	0	1	0	0	0	0	0	0	1	1	0	0	1	0	0	0	0	0	0	4	3	3
268	1	1	1	1	1	1	0	1	0	0	0	0	1	1	0	0	1	0	1	0	0	0	0	4	2	3.5
168	1	1	1	0	0	1	1	1	1	0	0	0	0	0	0	1	1	0	0	0	0	0	0	4	6	3
496	1	1	1	1	0	0	1	1	1	0	0	0	0	1	0	0	1	0	1	0	0	0	1	5	2	2
245	1	1	1	0	1	1	1	0	0	0	1	0	0	0	0	1	1	0	0	0	0	0	0	4	3	3
510	1	1	1	0	0	1	1	1	0	0	0	0	1	0	0	1	1	0	0	0	0	0	0	4	6	1
6	0	1	1	0	0	1	0	1	0	0	0	0	0	1	0	0	0	1	0	0	0	0	0	5	3	2.5
493	0	1	1	0	0	1	1	1	0	0	0	0	0	1	0	0	1	0	0	0	0	0	0	4	2	2.5
566	1	1	1	0	0	0	1	0	0	1	0	0	0	1	0	0	0	0	0	0	1	0	0	4	5	2.5
481	1	1	1	1	1	1	1	1	1	0	0	1	1	1	0	0	0	1	0	0	0	0	0	5	5	3.5
109	1	1	1	0	0	0	0	0	0	0	0	0	0	1	0	0	0	1	0	0	0	0	0	4	6	2.5
520	1	1	1	1	1	1	1	1	1	0	0	1	1	1	0	0	1	0	0	0	0	0	0	4	5	3.5
498	1	1	0	0	0	0	0	0	0	0	0	0	1	1	0	0	1	0	0	0	0	0	0	4	1	3.5
273	1	1	1	0	0	1	1	0	0	0	0	0	0	1	0	0	1	0	0	0	0	0	0	4	4	2.5
229	1	1	0	1	0	1	1	1	0	0	0	0	0	1	0	0	1	0	1	0	0	0	0	5	3	3
564	0	0	0	0	0	0	1	1	0	1	0	0	1	1	0	0	0	0	0	1	0	0	0	5	6	2.5
338	0	1	1	1	0	1	1	0	0	0	0	0	0	1	0	0	0	1	0	0	0	0	0	5	6	3
178	1	1	1	0	1	1	1	1	0	0	0	0	1	1	0	0	1	1	0	0	0	0	0	4	3	2.5
255	1	1	1	1	0	1	0	0	0	0	0	0	0	0	1	1	0	0	1	0	0	0	0	5	2	3
342	0	1	0	1	0	1	1	0	0	0	0	0	0	1	0	0	1	0	0	0	0	0	0	4	2	1
213	1	1	1	1	1	0	0	0	0	0	0	1	0	1	0	0	0	0	1	0	0	0	0	5	6	3
160	0	1	1	0	0	1	1	1	1	0	0	0	0	1	0	0	1	0	0	0	0	0	1	4	6	2.5
236	0	1	1	0	0	1	1	0	0	0	0	0	0	1	0	0	1	0	0	0	0	0	0	5	6	3.5
381	0	0	1	0	1	0	1	0	0	0	0	0	1	1	0	1	1	0	0	0	0	0	0	4	6	1
263	1	1	1	1	0	1	0	1	0	0	0	1	0	1	0	0	0	0	1	0	0	0	0	5	3	1.5
143	0	1	1	0	0	1	0	1	1	0	0	0	0	1	1	1	1	1	0	0	0	0	0	5	2	2.5
414	0	0	0	1	0	0	0	0	0	0	0	0	0	1	0	0	1	0	0	0	0	0	0	5	2	2
204	1	1	1	0	1	1	1	1	0	0	0	0	0	1	0	0	1	0	0	0	0	0	0	4	6	3.5
253	1	1	1	0	0	1	1	1	0	0	0	1	0	1	0	0	1	0	1	0	0	0	0	5	6	2.5
206	1	1	1	0	0	1	1	1	0	0	0	0	0	1	0	1	1	0	0	0	0	0	0	4	6	3.5
243	1	1	0	1	1	1	0	0	0	0	0	0	1	1	0	0	1	0	0	0	0	0	0	4	5	3.5
75	1	1	1	0	0	1	1	1	1	0	0	1	1	1	0	0	0	1	0	0	0	0	0	4	6	3
514	1	1	1	0	0	1	1	0	0	0	0	0	1	1	0	0	1	0	0	0	0	0	0	4	3	2.5
348	0	1	1	1	0	1	1	0	0	1	0	1	1	1	0	0	1	0	0	0	0	0	0	4	5	2.5
107	0	0	1	0	0	1	1	0	0	0	0	0	0	1	0	0	1	0	1	0	0	0	0	5	6	1.5
244	0	1	0	0	1	1	1	1	0	0	1	0	0	1	0	0	0	0	1	0	0	0	0	5	5	4
271	1	1	1	0	0	1	1	0	1	0	0	1	1	1	0	1	1	0	0	0	0	0	0	5	5	3
203	1	1	1	1	1	1	1	0	0	1	0	0	0	1	0	0	1	0	1	0	0	0	0	5	6	3
7	0	1	1	1	0	1	1	1	0	0	0	0	1	1	0	0	0	1	0	0	0	0	0	4	3	3
217	1	1	1	1	0	1	0	0	0	0	0	1	1	0	0	1	1	0	0	0	0	0	0	5	2	2.5
102	1	1	1	1	0	1	0	1	0	0	0	1	0	1	0	0	1	0	1	0	0	0	0	5	2	2
427	1	1	1	1	0	1	1	1	0	0	0	0	0	1	0	0	1	0	0	0	0	0	0	5	5	2.5
87	1	0	1	1	1	0	0	0	0	0	0	0	0	1	0	0	0	0	1	0	0	0	0	5	6	3
518	1	1	1	0	0	1	1	0	1	0	0	0	0	1	0	0	0	0	1	0	0	0	0	4	3	3.5
228	1	1	1	1	1	1	0	0	0	0	1	0	0	0	0	1	1	0	0	0	0	0	0	5	3	1.5
538	0	1	1	0	0	1	0	1	1	0	0	0	0	1	0	0	1	0	0	0	0	0	0	5	2	3
393	1	1	1	1	0	0	0	1	0	0	0	1	0	1	0	0	0	0	1	0	0	0	0	5	5	3
100	1	1	1	0	0	1	1	1	0	0	0	0	0	1	0	0	1	0	0	0	0	0	0	4	2	2.5
405	1	1	1	0	0	1	1	1	1	0	0	1	0	1	0	0	1	0	0	0	0	0	0	5	5	3.5
145	1	1	1	0	0	1	1	1	1	0	0	0	0	0	0	1	1	0	0	0	0	0	0	3	2	2.5
82	1	1	1	0	0	1	1	1	0	0	0	1	0	1	0	0	1	0	0	0	0	0	0	4	3	3
455	1	1	1	1	0	1	1	1	1	0	0	1	0	1	0	0	0	0	0	0	0	0	0	4	6	2
76	0	1	0	0	0	1	1	1	1	0	0	0	0	1	0	1	0	1	0	0	0	0	0	5	1	3.5
289	1	1	1	0	1	1	1	0	0	0	0	0	0	1	0	0	1	0	0	0	0	0	0	4	6	4
541	0	1	1	0	0	0	0	1	1	0	0	1	0	1	1	1	1	1	0	0	0	0	0	5	1	3
354	0	1	0	0	0	1	1	1	1	0	0	1	0	1	0	0	0	0	1	0	0	0	0	5	6	3
187	0	1	0	0	0	0	1	0	0	0	0	0	0	1	0	0	1	1	0	0	0	0	0	4	1	0.5
17	1	1	1	1	1	1	0	1	0	0	0	0	0	1	0	0	0	1	0	0	0	0	0	4	6	3
522	0	1	1	0	0	0	0	1	0	0	1	1	1	1	0	0	0	1	0	0	0	0	0	4	3	2.5
3	0	1	1	0	1	1	1	1	1	0	0	1	1	1	0	0	1	0	0	0	0	0	0	4	6	2
240	0	0	0	1	1	0	1	1	0	0	0	0	1	1	0	0	1	0	0	0	0	0	0	4	5	3
103	0	1	1	0	0	1	0	0	0	0	0	1	0	0	0	0	1	0	0	0	0	0	0	5	6	2.5
321	0	1	0	0	0	0	0	0	0	0	0	0	0	1	0	0	1	0	0	0	0	0	0	4	6	2
556	0	1	1	0	0	1	1	1	0	0	0	0	0	1	0	0	1	0	0	0	0	0	0	5	6	3.5
430	1	1	1	1	1	1	0	1	0	0	0	0	0	1	0	0	0	1	0	0	0	0	0	4	2	3.5
395	1	1	1	1	0	1	0	1	0	0	0	1	0	1	0	0	1	0	0	0	0	0	0	5	6	3
167	1	1	1	0	0	1	1	0	1	0	0	0	0	0	0	1	1	0	0	0	0	0	0	5	5	3
449	0	1	1	0	0	1	1	1	0	0	1	0	0	1	0	0	1	0	0	0	0	0	0	4	6	1.5
432	1	1	1	1	0	1	1	1	1	0	0	1	0	1	0	0	1	0	0	0	0	0	0	4	2	2.5
98	1	1	1	0	0	1	0	0	0	1	0	0	0	1	0	0	0	0	0	0	0	0	0	4	5	2
463	1	1	1	0	0	1	1	1	1	0	0	0	0	1	0	0	0	1	0	0	0	0	0	4	5	3.5
495	1	1	1	0	0	1	0	1	0	0	1	0	0	1	0	0	1	0	0	0	0	0	0	4	6	1.5
114	1	1	1	1	0	1	0	1	0	1	0	0	0	1	0	0	0	0	0	1	0	0	0	5	5	2.5
303	0	1	0	0	0	1	0	0	0	1	0	0	0	1	0	0	1	0	0	0	0	0	0	5	3	2
411	1	1	1	0	0	1	1	0	0	1	0	0	0	1	0	0	1	0	0	0	0	0	0	4	6	2.5
519	0	1	1	1	1	1	1	0	0	0	0	1	0	1	0	0	1	0	1	0	0	0	0	5	3	3
465	1	1	1	0	1	1	0	1	1	0	0	0	1	1	0	0	1	0	0	0	0	0	0	4	5	2
361	1	1	1	0	0	1	0	1	0	1	0	1	0	1	0	0	1	0	1	1	0	0	0	2	6	2
251	0	1	1	0	0	1	0	1	0	0	0	0	0	1	0	0	1	1	0	0	0	0	0	4	2	2
426	1	1	1	0	0	1	1	1	1	0	0	0	1	1	0	0	0	1	0	0	0	0	0	5	3	2.5
439	1	1	0	0	0	1	1	0	0	0	0	0	0	1	0	0	1	0	0	0	0	0	0	4	3	2.5
223	0	0	1	0	0	0	0	0	0	0	0	0	0	0	0	1	1	0	0	0	0	0	0	3	3	3
224	1	1	1	0	0	1	1	0	0	0	0	0	0	1	0	0	1	0	0	0	0	0	0	5	3	2
505	1	1	1	1	1	1	0	0	0	0	0	0	0	1	0	0	1	0	0	0	0	0	0	4	6	2.5
369	1	1	1	1	0	1	0	1	1	0	0	0	0	0	1	1	1	0	1	0	0	0	0	4	2	0.5
51	1	0	0	1	0	0	0	0	0	1	0	0	0	1	0	0	0	0	0	1	0	0	0	5	5	2.5
299	1	1	1	0	0	1	0	0	1	0	0	0	0	0	0	1	1	0	0	0	0	0	0	2	6	3
536	0	1	1	0	0	1	1	1	0	0	0	0	0	1	0	0	1	0	1	0	0	0	0	4	5	2
552	1	1	1	0	1	1	0	0	0	0	0	0	0	1	0	0	1	0	0	0	0	0	0	5	6	2.5
408	0	1	1	0	0	1	1	0	0	0	0	0	0	1	0	0	0	1	0	0	0	0	0	4	5	2.5
448	1	1	1	1	1	1	0	0	0	0	0	1	1	1	0	0	1	0	0	0	0	0	0	5	5	3
453	1	0	0	0	0	1	1	1	0	0	0	0	0	1	0	0	1	0	0	0	0	0	0	5	2	4
80	1	1	1	0	1	1	1	1	1	1	0	1	0	1	0	0	1	0	0	0	0	0	0	4	3	2.5
441	0	1	1	0	0	1	1	0	0	0	0	0	0	1	0	0	1	0	1	0	0	0	0	5	6	1
542	1	1	1	0	0	1	1	0	1	0	0	0	0	0	0	1	1	0	0	0	0	0	0	5	6	2.5
322	0	0	0	0	0	0	0	0	0	0	0	0	0	1	0	0	1	0	0	0	0	0	0	4	6	3
300	1	1	1	0	0	1	0	0	0	1	0	0	0	1	0	0	1	0	0	0	0	0	0	5	3	3.5
169	1	1	1	0	0	1	1	1	0	0	0	0	0	1	0	0	1	1	0	0	0	0	0	5	5	2
491	1	0	1	1	0	0	0	1	0	0	0	0	0	1	0	0	0	0	0	0	1	0	0	5	3	3
372	0	0	1	0	0	0	0	1	1	0	0	0	0	1	0	0	1	1	0	0	0	0	0	4	2	0
276	1	1	1	1	0	1	0	1	0	0	0	0	0	1	0	0	1	0	0	0	0	0	0	3	5	4
152	1	1	1	0	1	1	0	0	0	0	0	0	1	1	0	0	1	0	0	0	0	0	0	5	5	2
317	1	1	1	0	0	1	0	1	1	0	0	1	0	0	0	1	1	0	0	0	0	0	0	5	6	3.5
275	1	1	1	0	0	1	0	1	0	1	0	0	0	1	0	0	1	0	0	0	0	0	0	5	6	3.5
324	1	1	1	0	0	1	0	0	0	0	0	0	0	1	0	0	1	0	0	0	0	0	0	5	6	3
79	0	1	1	0	1	1	1	1	0	0	0	0	0	1	1	0	1	0	0	0	0	0	0	4	3	2
121	0	1	0	0	1	1	1	0	0	0	0	0	0	1	0	0	1	0	1	0	0	0	0	5	3	3
41	0	1	1	0	1	1	1	1	0	0	0	1	1	1	0	0	1	0	1	0	0	0	0	5	3	2
183	1	1	0	1	0	1	1	1	0	0	0	0	1	1	0	0	0	1	0	0	0	0	0	3	1	2
397	1	1	1	1	1	1	1	0	0	0	0	0	0	1	0	0	1	0	0	0	0	0	0	4	6	2
412	1	1	1	1	0	1	0	1	1	0	1	1	0	1	0	0	1	0	0	0	0	0	0	5	5	2.5
404	0	1	1	1	0	1	0	1	1	0	0	1	0	1	0	0	0	1	0	0	0	0	0	5	2	3
479	1	1	1	0	1	1	0	1	1	0	0	0	1	1	0	1	1	0	0	0	0	0	0	5	6	2.5
468	0	1	1	0	0	0	0	0	0	0	0	0	0	1	0	0	1	0	0	0	0	0	0	5	6	2
115	0	1	0	0	0	1	1	0	0	0	0	0	0	1	0	0	1	0	0	0	0	0	0	5	5	3.5
349	1	1	0	0	0	0	1	1	0	0	0	1	0	1	0	0	1	1	0	0	0	0	0	5	6	.
81	1	0	1	0	0	1	0	1	0	0	0	1	0	1	0	0	1	0	0	0	0	0	0	5	6	2.5
410	1	0	1	0	0	0	0	0	0	0	0	0	1	1	0	0	0	0	0	1	0	0	0	4	6	2.5
111	1	1	0	0	0	1	1	1	0	0	0	0	0	1	0	0	1	0	0	0	0	0	0	3	5	2.5
137	1	1	1	1	0	1	0	1	0	0	0	1	0	1	0	0	1	0	0	0	0	0	0	5	2	2
423	1	1	1	0	1	1	0	0	0	0	0	1	0	1	0	0	1	0	0	0	0	0	0	5	2	4
337	1	1	1	0	0	0	0	1	0	0	0	0	1	1	0	0	1	1	0	0	0	0	0	4	6	3.5
433	1	1	1	0	0	1	0	0	1	0	0	1	0	1	0	0	0	1	0	0	0	0	0	4	5	4
456	1	1	1	1	0	1	1	1	0	0	0	0	0	1	0	0	1	0	0	0	0	0	0	5	5	2
535	1	1	1	0	0	1	1	0	0	0	0	0	0	1	0	0	1	0	0	0	0	0	0	4	3	3
267	1	1	1	1	0	1	1	1	0	0	0	0	0	1	0	0	1	0	0	0	1	0	0	5	3	3.5
445	1	1	1	0	0	1	1	1	0	0	0	0	0	1	0	0	1	0	1	1	0	1	0	5	6	2.5
106	1	1	1	0	0	1	0	1	1	0	0	1	0	1	0	0	1	0	0	0	0	0	0	4	6	3
531	1	0	1	0	0	1	0	1	0	0	0	0	0	1	0	0	1	0	0	0	0	0	0	3	2	3
165	1	1	0	1	0	0	0	1	0	0	0	0	0	1	0	0	1	0	0	0	0	0	0	5	5	2.5
450	0	1	1	0	0	1	1	0	1	0	0	0	0	1	0	0	1	0	0	0	0	0	0	5	5	2
366	1	1	1	0	0	1	1	1	1	0	0	0	0	1	0	1	1	0	0	0	0	0	0	4	6	2
367	0	1	1	0	1	1	1	1	1	0	0	0	1	1	0	1	1	0	0	0	0	0	0	5	4	3.5
478	0	1	0	0	0	1	1	1	1	0	0	0	0	1	0	0	1	0	0	0	0	0	0	5	6	3.5
500	1	1	1	1	0	1	1	1	1	0	0	0	0	1	0	0	1	0	0	0	0	0	0	5	2	1.5
266	0	1	0	1	0	1	1	1	0	0	0	0	0	1	0	0	1	0	0	0	0	0	0	5	5	3.5
211	1	1	1	1	1	1	0	1	0	0	0	1	0	1	0	0	0	1	0	0	0	0	0	5	6	4
38	0	1	1	0	0	1	1	1	1	0	0	0	1	1	0	0	1	0	0	0	0	0	0	5	6	2
33	0	1	0	0	0	1	1	0	0	0	0	0	0	1	0	1	1	0	0	0	0	0	0	5	5	3.5
310	1	1	1	0	0	1	0	0	0	0	0	0	0	1	0	0	1	0	0	0	0	0	0	5	2	2
155	1	0	0	0	0	0	0	0	0	0	0	0	0	1	0	0	1	1	0	0	0	0	0	4	3	2.5
515	1	1	1	0	0	1	1	1	0	0	0	0	1	1	0	0	0	0	1	0	0	0	0	5	6	4
71	1	1	1	0	0	1	1	0	0	0	0	1	0	0	1	0	1	0	0	0	0	0	0	4	3	3
527	1	0	0	0	0	0	0	0	0	0	0	0	0	1	0	0	1	0	0	0	0	0	0	5	4	3
314	1	1	1	1	1	1	1	1	0	0	0	0	0	1	0	0	0	0	1	0	0	0	0	5	6	1
476	1	0	1	0	0	1	1	0	0	0	0	0	1	1	0	1	1	0	0	0	0	0	0	5	6	2.5
261	1	1	0	0	0	1	1	1	1	0	0	0	0	1	0	0	1	0	0	0	0	0	0	5	6	2.5
150	0	1	0	0	0	1	1	0	0	0	0	0	0	1	0	0	1	0	0	0	0	0	0	5	6	3
320	0	1	1	0	0	1	0	1	1	0	0	0	1	0	1	1	1	0	0	0	0	0	0	3	3	3.5
130	0	1	1	1	0	1	0	1	1	0	0	1	0	1	1	0	1	1	0	0	0	0	0	4	5	3
136	0	1	0	0	0	1	0	1	1	0	0	0	0	1	0	0	1	0	0	0	0	0	0	5	5	0.5
546	0	1	1	0	0	1	0	1	1	0	0	0	0	1	0	0	1	0	0	0	0	0	0	5	2	3.5
161	0	1	0	1	0	1	1	0	0	0	0	1	0	1	0	0	1	0	0	0	0	0	0	4	3	3
200	1	1	1	0	0	1	0	1	1	0	0	0	0	1	0	1	1	0	1	0	0	0	0	5	6	3.5
389	1	1	1	0	0	1	1	1	0	1	0	1	1	1	0	0	1	0	0	0	0	0	0	4	5	2.5
373	1	1	1	0	0	1	0	0	0	0	0	0	1	1	0	0	1	0	0	0	0	0	0	4	2	2.5
147	0	0	0	0	0	0	0	0	0	0	0	0	0	1	0	0	1	0	0	0	0	0	0	5	3	3
534	0	1	1	0	0	1	1	0	1	0	0	0	0	1	0	0	1	0	0	0	0	0	0	5	5	3
332	0	1	1	0	0	1	1	1	1	0	0	0	0	1	0	0	1	0	0	0	0	0	0	5	3	2
489	0	1	0	0	0	0	1	1	0	0	0	0	0	1	0	0	0	0	1	0	0	0	0	4	6	3
447	0	0	1	1	0	0	0	0	0	0	0	0	0	1	0	0	0	1	0	0	0	0	0	5	5	0.5
215	1	1	1	0	1	1	1	0	1	0	0	0	1	1	0	1	1	0	0	0	0	0	0	4	3	2.5
104	0	0	1	1	0	1	0	1	0	0	0	0	1	1	0	0	0	1	0	0	0	0	0	5	6	2.5
218	1	1	1	0	0	1	1	1	0	1	0	0	1	1	0	0	0	0	1	0	0	0	0	5	1	3
220	1	1	1	1	0	1	0	1	1	0	0	0	0	1	0	0	1	0	0	0	0	0	0	4	5	3.5
443	1	1	1	0	0	1	0	0	0	0	0	0	0	1	0	0	0	1	0	0	0	0	0	5	6	2.5
269	0	1	1	0	0	0	0	0	0	0	0	0	0	1	0	0	0	0	0	1	0	0	0	5	3	2.5
544	1	1	1	0	0	0	1	1	1	0	0	1	0	1	0	0	1	0	0	0	0	0	0	4	3	2
24	0	1	0	0	0	1	1	0	0	0	0	0	0	1	0	0	1	0	0	0	0	0	0	4	5	2.5
551	0	1	1	0	0	1	0	1	0	0	0	0	1	1	0	0	1	0	0	0	0	0	0	4	6	2.5
336	1	0	1	0	0	1	0	0	0	0	0	0	0	1	0	0	1	0	0	0	0	1	0	2	5	2.5
34	0	1	1	1	0	1	0	1	0	1	0	0	0	1	0	0	1	0	0	0	0	0	0	5	6	3
308	0	1	1	0	1	1	1	1	1	0	0	0	1	1	0	0	0	1	0	0	0	0	0	4	6	3
384	1	1	1	0	1	0	1	1	0	0	0	0	0	1	0	0	1	0	0	0	0	0	0	4	6	3.5
330	1	1	1	1	1	1	1	0	0	1	0	0	0	1	0	0	1	0	0	0	0	0	0	5	5	3.5
506	0	1	1	0	0	0	0	0	0	0	0	0	0	1	0	0	1	0	0	0	0	0	0	5	5	3
431	1	1	1	1	1	1	1	1	0	0	0	1	0	1	0	1	1	1	0	0	0	0	0	5	5	2
492	0	1	0	1	0	0	0	0	0	0	0	0	0	0	1	1	1	0	0	0	0	0	0	5	2	3
452	0	1	0	0	0	0	0	0	0	0	0	0	0	1	0	0	0	0	0	1	0	0	0	4	3	0.5
172	0	1	0	0	0	1	1	1	1	0	0	0	1	1	0	1	1	0	0	0	0	0	0	5	4	1
171	1	1	1	0	1	1	1	0	1	0	0	1	1	0	1	1	1	0	0	0	0	0	0	5	6	3.5
265	0	1	1	0	1	1	1	0	0	0	0	0	0	1	0	0	1	0	0	0	0	0	0	5	6	2.5
353	1	1	1	0	0	1	1	1	0	0	0	0	0	1	0	0	1	0	0	0	0	0	0	4	6	3
93	1	1	1	0	0	1	1	1	1	0	0	0	0	0	0	1	1	0	0	0	0	0	0	5	5	3
350	0	1	1	1	0	1	0	0	0	0	0	0	0	0	0	1	1	0	0	0	0	0	0	5	5	1
89	1	1	1	0	0	1	0	1	1	0	1	0	0	0	0	1	1	0	0	0	0	0	0	5	2	1
151	0	1	0	0	0	1	0	0	0	0	0	0	0	1	0	0	1	0	0	0	0	0	0	5	1	0
312	1	1	1	1	1	1	1	1	1	0	0	1	1	1	0	0	1	0	0	0	0	0	0	4	6	3.5
54	0	1	0	0	0	1	1	1	1	0	0	0	0	1	0	0	1	0	0	0	0	0	0	5	3	2.5
524	1	1	1	0	0	1	1	0	0	0	0	0	0	1	0	0	1	0	0	0	0	0	0	5	6	3.5
61	1	1	1	0	0	1	0	1	1	0	0	0	0	1	0	0	1	0	1	0	0	0	0	4	5	3
328	1	1	1	0	0	1	1	1	1	0	0	1	1	1	0	0	1	0	0	0	0	0	0	4	5	2.5
35	1	1	1	0	0	1	0	1	1	0	0	0	0	1	0	0	1	0	1	0	0	0	0	5	6	2
497	1	1	1	0	0	0	1	1	1	0	0	0	0	1	0	0	0	1	0	0	0	0	0	4	6	3
113	0	1	1	0	0	1	1	1	1	0	0	0	0	1	0	0	0	0	0	1	0	0	0	4	5	3.5
521	1	1	1	1	1	1	1	1	0	0	0	0	1	1	0	0	1	0	0	0	0	0	0	4	6	.
242	0	1	0	0	0	0	0	1	0	0	0	0	1	1	0	0	0	0	1	0	0	0	0	5	2	2
416	1	1	1	0	1	1	1	1	1	0	0	0	0	1	0	0	0	0	0	1	0	0	0	4	6	4
73	1	1	1	0	0	0	1	1	0	0	0	0	1	1	0	0	1	0	0	0	0	0	0	4	3	2.5
157	1	1	1	0	1	1	0	1	0	0	0	1	1	1	0	0	1	0	0	0	0	0	0	5	5	0.5
177	1	1	1	0	1	0	1	0	0	0	0	0	0	1	0	0	0	1	0	0	0	0	0	5	5	2.5
360	0	1	1	1	1	1	1	1	1	0	0	1	0	1	0	0	1	0	0	0	0	0	0	5	2	3.5
59	1	1	1	0	0	1	1	1	1	0	0	1	1	1	0	0	1	0	0	0	0	0	0	5	6	2
42	1	1	1	0	0	1	0	0	0	0	0	0	0	1	0	0	0	0	0	0	0	0	0	4	5	1
409	1	1	1	0	0	0	0	0	0	0	0	0	0	1	0	0	1	0	0	0	0	0	0	5	5	1.5
462	1	1	0	0	1	1	0	1	1	0	0	1	0	1	0	0	0	0	1	0	0	0	0	5	2	2.5
475	1	1	1	0	0	1	0	0	0	0	0	1	1	0	0	1	1	0	0	0	0	0	0	5	2	3.5
181	0	1	1	0	1	1	0	1	1	0	0	0	0	0	1	1	1	1	0	0	0	0	0	5	5	3
188	1	1	1	0	1	1	1	0	0	0	0	0	0	1	0	0	0	1	0	0	0	0	0	4	6	0.5
558	1	1	1	0	1	1	1	0	0	0	0	1	0	1	0	0	1	0	0	0	0	0	0	5	3	3
191	1	1	1	0	0	1	1	1	0	0	0	1	0	1	0	0	1	0	0	0	0	0	0	5	3	1.5
376	1	1	0	0	0	1	0	0	0	0	0	0	0	1	0	0	1	1	0	0	0	0	0	5	2	1
85	1	1	1	0	0	0	1	1	1	0	0	1	1	1	0	0	1	0	1	0	0	0	0	4	6	1.5
509	1	1	1	1	1	1	1	1	0	0	0	0	1	1	0	0	0	0	0	0	0	1	0	5	6	3.5
176	1	0	1	1	0	0	0	0	0	0	0	1	0	1	1	0	1	0	0	0	0	0	0	5	2	2.5
466	0	0	0	0	0	1	0	0	0	0	0	0	0	1	0	0	0	1	0	0	0	0	0	5	5	2
233	1	1	1	1	0	1	0	1	0	1	0	0	0	1	0	0	1	0	0	0	0	0	0	4	5	2
212	0	0	0	0	0	1	1	1	0	0	0	0	0	1	0	0	0	1	0	0	0	0	0	3	3	2.5
15	1	1	0	1	0	0	0	0	0	0	0	0	0	1	0	0	0	1	0	0	0	0	0	4	6	3
47	1	1	1	1	0	1	0	0	0	0	0	1	0	1	0	0	0	1	0	0	0	0	0	4	2	2.5
1	1	1	1	1	1	1	1	1	1	0	0	1	0	1	0	0	1	0	0	0	0	0	0	4	3	3
461	0	1	1	0	1	0	0	0	0	0	0	0	0	0	1	1	1	0	0	0	0	0	0	4	6	2
284	1	1	1	0	1	1	1	1	0	0	0	1	0	1	0	1	1	0	0	0	0	0	0	5	5	2.5
513	1	0	0	0	0	0	0	1	1	1	0	1	0	1	0	0	1	0	0	0	0	0	0	4	2	2
473	1	1	1	0	1	1	1	1	1	0	0	0	1	1	0	0	1	0	0	0	0	0	0	5	6	3.5
459	0	1	0	1	0	1	0	0	0	0	0	0	0	1	0	0	1	1	0	0	0	0	0	4	2	2.5
464	1	1	1	1	1	1	0	1	0	0	0	1	0	1	0	0	0	1	0	0	0	0	0	4	2	3
309	1	1	0	1	0	1	1	0	0	0	0	0	0	1	0	0	1	0	0	0	0	0	0	5	5	3.5
347	1	1	0	0	0	1	0	1	0	0	0	0	0	1	0	0	1	0	0	0	0	0	0	4	3	2.5
123	1	0	1	0	0	0	0	0	0	0	0	0	0	1	0	0	1	1	0	0	0	0	0	4	6	1
457	1	1	1	0	0	1	0	0	0	0	0	0	0	0	1	1	1	0	0	0	0	0	0	4	3	3
302	0	1	1	1	0	1	1	0	0	0	0	0	0	1	0	0	0	0	0	0	0	0	0	5	5	2
120	0	1	0	0	0	1	1	0	0	0	0	0	0	1	0	0	0	1	0	0	0	0	0	4	6	3.5
429	0	1	0	0	1	1	1	1	1	0	0	0	0	1	0	1	0	0	1	0	0	0	0	5	3	2.5
407	1	1	0	1	0	0	0	0	0	0	0	0	0	1	0	0	1	0	0	0	0	0	0	5	2	4
339	1	1	1	1	0	1	1	0	0	0	0	0	0	1	0	0	0	1	0	0	0	0	0	4	5	2.5
288	1	1	1	0	1	1	1	0	1	0	0	0	0	0	1	1	1	0	1	0	0	0	0	4	5	3.5
394	1	1	1	1	0	1	1	1	1	0	0	1	1	0	0	1	1	0	0	0	0	0	0	4	5	2.5
290	1	1	1	1	1	0	1	1	0	0	0	0	0	1	0	0	1	0	1	0	0	0	0	4	2	3
205	1	1	1	1	0	1	1	1	1	0	0	0	0	1	0	0	1	0	0	0	0	0	0	5	6	3.5
306	0	1	0	0	0	1	0	0	0	0	0	0	0	1	0	0	1	0	0	0	0	0	0	4	2	3
9	0	1	0	0	0	1	1	1	0	0	0	0	0	1	0	0	1	0	0	0	0	0	0	5	4	3
277	0	1	0	0	0	0	0	0	0	0	0	0	0	1	0	0	1	0	0	0	0	0	0	2	5	2.5
138	1	1	1	0	0	1	0	0	0	0	0	0	0	1	0	0	1	0	0	0	0	0	0	5	3	4
340	0	1	0	0	0	0	1	1	0	0	0	0	0	1	0	0	1	0	1	0	0	0	0	4	6	3.5
490	0	1	1	0	0	1	0	1	1	0	0	0	1	1	0	0	1	1	0	0	0	0	0	5	3	2
197	0	0	0	0	0	0	1	0	0	0	0	0	0	1	0	0	0	0	0	0	0	0	0	5	3	4
359	1	1	1	0	0	1	1	1	0	0	0	0	0	1	0	0	1	0	0	0	0	0	0	5	6	3
246	0	0	0	0	0	0	0	0	0	0	0	0	1	0	0	1	1	0	0	0	0	0	0	5	5	1
392	1	1	0	0	0	1	0	0	0	0	0	0	1	1	0	0	1	1	0	0	0	0	0	4	3	1.5
166	1	1	0	0	0	1	1	1	0	1	0	0	0	1	0	0	1	1	0	0	1	0	0	5	2	3
285	1	1	1	0	0	1	0	0	0	0	0	0	0	1	0	0	1	0	0	0	0	0	0	4	2	1
294	1	1	1	0	0	1	1	0	0	0	0	0	0	1	0	0	1	0	0	0	0	0	0	4	6	3
116	1	1	1	0	0	1	0	0	0	0	0	1	0	1	0	0	0	0	0	0	0	0	0	4	5	2.5
380	0	0	0	0	0	0	0	0	0	0	0	0	0	1	0	0	1	0	0	0	0	0	0	4	4	2
499	1	1	1	0	0	1	1	1	1	0	0	0	1	1	0	0	1	0	1	0	0	0	0	5	5	2
567	0	1	1	0	0	1	0	0	0	0	0	0	0	1	0	0	1	1	0	0	0	0	0	5	3	3.5
469	1	1	1	0	0	1	1	0	0	0	0	1	0	1	0	0	1	0	0	0	0	0	0	3	5	3.5
438	1	1	1	0	0	0	0	1	1	0	1	1	0	1	0	0	0	1	0	0	0	0	0	5	3	0
72	1	1	0	1	0	1	0	1	0	1	0	0	0	1	0	0	0	0	1	0	0	0	0	4	5	0.5
444	1	1	1	1	0	1	1	1	1	0	0	0	0	1	0	0	0	1	0	0	0	0	0	4	3	2
40	1	1	1	0	0	1	0	0	0	0	0	1	0	1	0	1	1	0	0	0	0	0	0	4	3	1.5
56	0	1	0	0	0	0	0	0	0	0	0	0	0	1	0	0	1	0	0	0	0	0	0	3	4	2
60	1	1	1	0	1	1	1	1	1	0	0	0	1	1	0	0	1	0	0	0	0	0	0	4	5	2.5
180	0	0	1	0	0	0	0	0	0	0	0	0	0	1	0	0	1	0	0	0	0	0	0	5	6	1
46	1	1	1	1	1	0	1	1	0	0	0	1	0	0	0	1	1	0	0	0	0	0	0	5	6	2.5
379	1	1	1	0	1	1	1	0	1	0	0	1	0	1	0	0	1	0	1	0	0	0	0	5	3	2
486	1	1	1	1	0	1	1	1	0	0	0	0	1	1	0	1	1	0	0	0	0	0	0	5	5	3
163	1	1	0	0	0	0	1	1	0	0	0	0	0	1	0	0	1	1	0	0	0	0	0	4	6	3.5
301	1	1	1	0	1	1	0	1	1	0	0	1	1	1	0	0	1	0	0	0	0	0	0	5	1	3.5
346	0	1	1	0	1	1	1	1	0	0	0	1	0	0	1	1	1	0	0	0	0	0	0	3	5	2
304	1	1	1	0	0	1	0	1	1	0	0	1	0	1	0	0	1	0	0	0	0	0	0	5	5	3.5
216	1	1	1	0	0	1	1	1	1	0	1	0	1	1	0	1	1	0	1	0	0	0	0	5	3	2.5
319	1	1	1	0	0	0	0	0	0	0	0	0	0	1	0	0	0	0	1	0	0	0	0	5	2	3
399	0	1	1	0	0	0	0	0	0	0	0	0	0	1	0	1	1	0	1	0	0	0	0	4	3	2.5
231	1	1	1	0	0	1	1	1	1	1	0	0	0	1	0	0	1	0	0	0	0	0	0	4	6	3.5
63	0	0	1	0	0	0	0	0	0	0	0	0	0	1	0	0	0	1	0	0	0	0	0	4	2	2.5
159	0	1	1	1	1	0	0	0	0	0	0	0	0	1	0	0	0	1	1	0	0	0	0	5	2	3
8	1	1	1	1	1	1	0	0	0	0	0	1	1	1	1	0	1	0	0	0	0	0	0	5	6	1.5
67	0	1	1	0	0	0	1	1	0	0	0	0	0	1	0	0	0	0	1	0	0	0	0	5	1	2
326	0	1	0	0	0	1	1	1	1	0	0	0	0	1	0	0	0	1	0	0	0	0	0	4	3	2
256	1	1	1	0	1	1	0	0	0	0	0	0	0	0	0	1	1	1	0	0	0	0	0	5	3	2
64	1	1	1	0	0	1	1	1	1	0	0	0	1	1	1	0	0	1	0	0	0	0	0	4	6	2.5
279	0	1	1	0	1	1	1	1	0	0	0	0	1	1	0	0	0	1	0	0	0	0	0	4	5	3
554	1	1	0	0	0	1	1	0	0	0	0	0	1	1	0	0	1	0	0	0	0	0	0	4	3	3
561	1	1	1	1	1	1	1	0	0	0	0	0	1	1	0	0	0	1	0	0	0	0	0	2	5	2.5
334	1	0	1	1	0	0	0	1	0	0	0	0	0	1	0	0	1	0	0	0	0	0	0	5	2	2
249	1	1	0	1	0	1	1	1	0	0	0	0	0	1	0	0	1	0	0	0	0	0	0	4	3	2.5
232	1	1	1	0	0	1	1	1	1	0	0	1	0	1	0	0	1	0	0	0	0	0	0	4	3	.
156	1	1	1	0	0	1	1	1	0	0	0	0	0	1	0	0	0	1	0	0	0	0	0	4	5	2.5
210	0	1	1	0	0	1	0	1	1	0	0	0	0	1	0	0	1	0	0	0	0	0	0	5	2	2
325	0	1	0	1	0	1	1	0	0	0	0	1	0	1	0	0	1	0	0	0	0	0	0	4	6	3
425	0	1	1	1	1	1	1	1	1	0	0	0	0	1	0	0	0	1	0	0	0	0	0	5	5	0.5
19	1	1	0	0	0	0	0	1	1	0	1	1	1	0	1	1	1	0	0	0	0	0	0	5	3	1.5
52	0	0	0	0	0	1	0	0	0	0	0	0	0	0	1	1	1	0	0	0	0	0	0	5	6	2
467	1	1	1	0	0	0	0	0	0	1	0	1	1	1	0	0	0	1	0	0	0	0	0	4	3	1.5
388	0	1	0	0	0	0	0	0	0	0	0	0	0	1	0	0	1	0	0	0	0	0	0	4	5	3
406	1	1	1	1	0	1	0	1	0	0	0	0	0	1	0	0	0	1	0	0	0	0	0	4	2	2
508	1	1	1	0	0	1	1	0	0	0	0	0	0	1	0	0	1	0	1	0	0	0	0	4	3	4
274	0	1	1	0	0	0	0	1	0	0	0	0	0	1	0	0	1	0	0	0	0	0	0	5	2	2.5
502	0	1	0	0	0	1	1	1	0	0	0	0	0	1	0	0	1	0	0	0	0	0	0	4	3	4
501	0	1	1	1	1	1	1	1	1	0	0	1	1	1	1	1	1	0	0	0	0	0	0	4	1	0.5
237	1	0	0	0	0	0	0	0	0	0	0	0	0	1	0	0	1	0	0	0	0	0	0	4	6	3
194	0	1	1	0	0	1	1	0	1	0	0	0	0	0	1	1	1	0	0	0	0	0	0	5	5	3
470	1	1	1	1	1	1	1	1	0	0	0	1	0	1	0	1	0	1	0	0	0	0	0	4	3	3
374	1	1	1	1	1	1	0	0	0	1	0	1	0	1	0	0	1	1	0	0	1	0	0	5	5	3
387	0	1	1	0	0	1	1	0	0	0	0	1	0	1	0	0	1	0	0	0	0	0	0	5	3	3
66	0	0	0	0	0	1	0	0	0	0	0	0	0	1	0	1	1	0	0	0	0	0	0	4	2	3
460	0	0	0	0	0	0	1	0	0	0	0	0	0	1	0	0	0	1	0	0	0	0	0	4	5	2.5
195	0	1	1	0	0	1	0	1	0	0	0	0	0	1	0	0	1	0	0	0	0	0	0	5	5	2
286	0	1	0	0	1	1	1	0	0	0	0	1	1	1	0	0	1	0	0	0	0	0	0	5	6	4
532	1	1	1	1	0	1	0	0	0	0	0	0	0	1	0	0	0	0	0	0	1	0	0	5	5	3
537	0	1	1	0	0	1	1	1	0	0	0	0	0	1	0	0	1	1	0	0	0	0	0	4	6	2.5
282	0	1	1	0	0	0	1	0	0	0	0	0	0	0	0	1	0	0	0	0	1	0	0	4	6	.
257	0	1	1	1	0	1	1	0	0	0	0	0	0	1	0	0	0	1	0	0	0	0	0	5	5	2.5
158	1	1	0	0	0	1	0	0	0	0	0	0	1	1	0	0	1	0	0	0	0	0	0	5	6	2.5
62	1	1	1	0	0	1	0	1	1	0	1	0	0	0	1	0	1	0	0	0	0	0	0	4	3	2
442	1	1	0	1	0	0	0	0	0	1	0	0	0	1	0	0	1	0	0	0	0	0	0	5	2	3
154	0	1	1	0	1	1	1	0	0	0	0	0	1	0	0	1	1	0	0	1	0	0	0	4	3	2
18	0	1	0	0	0	0	0	0	0	0	0	0	0	0	0	1	0	0	0	0	1	0	0	5	5	3
474	1	1	1	1	0	1	1	1	0	0	1	0	1	1	0	0	1	0	0	0	1	0	0	5	5	3
533	0	1	1	1	1	1	1	1	1	0	0	1	0	1	0	0	0	1	0	0	0	0	0	5	2	1.5
487	1	1	1	1	0	1	1	1	1	0	0	0	0	1	0	0	1	0	0	0	0	0	0	4	3	4
355	0	1	0	0	0	0	0	0	0	0	0	0	0	0	0	1	1	0	0	0	0	0	0	5	5	2
512	1	1	0	0	1	0	0	1	1	0	0	0	0	0	1	0	1	0	0	0	0	0	0	5	2	1.5
333	1	1	1	1	0	1	1	1	1	0	1	1	1	1	1	1	1	0	1	0	0	0	0	4	2	2.5
329	1	1	1	0	0	1	1	0	0	0	0	1	0	1	0	0	0	0	0	0	0	0	0	5	6	3
318	1	1	1	0	0	0	1	1	1	0	0	0	0	1	0	0	1	0	0	0	0	0	0	4	5	4
201	1	1	1	0	1	1	1	0	0	0	0	0	0	1	0	0	1	0	0	0	0	0	0	5	3	3.5
422	1	1	1	0	1	1	1	0	0	0	0	0	0	1	0	0	1	1	0	0	0	1	0	1	3	2.5
173	0	0	0	0	0	0	0	1	0	0	0	0	0	1	0	0	1	0	0	0	0	0	0	5	2	2.5
437	1	1	1	0	1	1	1	1	0	0	0	0	0	1	0	0	0	1	0	0	0	0	0	4	6	1.5
162	1	0	0	0	0	0	0	0	0	0	0	0	0	1	0	0	0	0	1	0	0	0	0	2	3	3
235	0	0	0	0	0	0	0	0	0	0	0	0	0	1	0	0	0	1	0	0	0	0	0	5	2	2
